"rt","key_press","trial_type","trial_index","time_elapsed","internal_node_id","subject","text","block_duration","timing_post_trial","trial_id","responses","stimulus","possible_responses","stim_duration","condition","exp_stage","trial_num","correct_response","correct","exp_id"
"2029","13","text","0","2032","0.0-0.0","s590","","","","","","","","","","","","","",""
"21287","89","poldrack-text","1","24325","0.0-1.0","s590","<div class = centerbox><div style = 'font-size: 50px' class = center-text>Please press your index finger</p></div>","21287","500","fmri_response_test","","","","","","","","","",""
"14908","71","poldrack-text","2","39738","0.0-2.0","s590","<div class = centerbox><div style = 'font-size: 50px' class = center-text>Please press your middle finger</p></div>","14908","500","fmri_response_test","","","","","","","","","",""
"12678","","survey-text","3","52927","0.0-3.0","s590","","","","task_setup","{""Q0"":""4"",""Q1"":""3""}","","","","","","","","",""
"25744","32","poldrack-single-stim","4","79675","0.0-4.0","s590","","25744","500","instructions","","<div class = centerbox><p style = ""font-size:40px"" class = center-block-text>Target Pair (press index finger):</p><p class = center-block-text><img src = ""/static/experiments/dot_pattern_expectancy/images/cue4.png"" ></img>&nbsp&nbsp&nbsp...followed by...&nbsp&nbsp&nbsp<img src = ""/static/experiments/dot_pattern_expectancy/images/probe3.png"" ></img><br></br></p><p style = ""font-size:40px"" class = center-block-text>Otherwise press middle finger</div>","32","25744","","","","","",""
"-1","-1","poldrack-single-stim","5","80682","0.0-5.0-0.0","s590","","500","0","cue","","<div class = centerbox><div class = img-container><img src = ""/static/experiments/dot_pattern_expectancy/images/cue4.png""</img></div></div>","none","500","AY","practice","0","","",""
"-1","-1","poldrack-single-stim","6","82688","0.0-5.0-1.0","s590","","2000","0","fixation","","<div class = centerbox><div class = fixation>+</div></div>","none","2000","","practice","","","",""
"559","71","poldrack-single-stim","7","85193","0.0-5.0-2.0","s590","","2500","0","probe","","<div class = centerbox><div class = img-container><img src = ""/static/experiments/dot_pattern_expectancy/images/probe4.png""</img></div></div>","89,71","500","AY","practice","0","71","true",""
"-1","-1","poldrack-single-stim","8","85700","0.0-5.0-3.0","s590","","500","0","feedback","","<div class = centerbox><div style=""color:#4FE829""; class = center-text>Correct!</div></div>","none","500","","practice","1","","",""
"-1","-1","poldrack-single-stim","9","86203","0.0-5.0-4.0","s590","","500","0","cue","","<div class = centerbox><div class = img-container><img src = ""/static/experiments/dot_pattern_expectancy/images/cue4.png""</img></div></div>","none","500","AX","practice","1","","",""
"-1","-1","poldrack-single-stim","10","88206","0.0-5.0-5.0","s590","","2000","0","fixation","","<div class = centerbox><div class = fixation>+</div></div>","none","2000","","practice","","","",""
"511","89","poldrack-single-stim","11","90511","0.0-5.0-6.0","s590","","2300","0","probe","","<div class = centerbox><div class = img-container><img src = ""/static/experiments/dot_pattern_expectancy/images/probe3.png""</img></div></div>","89,71","500","AX","practice","1","89","true",""
"-1","-1","poldrack-single-stim","12","91017","0.0-5.0-7.0","s590","","500","0","feedback","","<div class = centerbox><div style=""color:#4FE829""; class = center-text>Correct!</div></div>","none","500","","practice","2","","",""
"-1","-1","poldrack-single-stim","13","91519","0.0-5.0-8.0","s590","","500","0","cue","","<div class = centerbox><div class = img-container><img src = ""/static/experiments/dot_pattern_expectancy/images/cue4.png""</img></div></div>","none","500","AX","practice","2","","",""
"-1","-1","poldrack-single-stim","14","93520","0.0-5.0-9.0","s590","","2000","0","fixation","","<div class = centerbox><div class = fixation>+</div></div>","none","2000","","practice","","","",""
"399","89","poldrack-single-stim","15","95225","0.0-5.0-10.0","s590","","1700","0","probe","","<div class = centerbox><div class = img-container><img src = ""/static/experiments/dot_pattern_expectancy/images/probe3.png""</img></div></div>","89,71","500","AX","practice","2","89","true",""
"-1","-1","poldrack-single-stim","16","95727","0.0-5.0-11.0","s590","","500","0","feedback","","<div class = centerbox><div style=""color:#4FE829""; class = center-text>Correct!</div></div>","none","500","","practice","3","","",""
"-1","-1","poldrack-single-stim","17","96232","0.0-5.0-12.0","s590","","500","0","cue","","<div class = centerbox><div class = img-container><img src = ""/static/experiments/dot_pattern_expectancy/images/cue4.png""</img></div></div>","none","500","AX","practice","3","","",""
"-1","-1","poldrack-single-stim","18","98234","0.0-5.0-13.0","s590","","2000","0","fixation","","<div class = centerbox><div class = fixation>+</div></div>","none","2000","","practice","","","",""
"502","89","poldrack-single-stim","19","100138","0.0-5.0-14.0","s590","","1900","0","probe","","<div class = centerbox><div class = img-container><img src = ""/static/experiments/dot_pattern_expectancy/images/probe3.png""</img></div></div>","89,71","500","AX","practice","3","89","true",""
"-1","-1","poldrack-single-stim","20","100640","0.0-5.0-15.0","s590","","500","0","feedback","","<div class = centerbox><div style=""color:#4FE829""; class = center-text>Correct!</div></div>","none","500","","practice","4","","",""
"-1","-1","poldrack-single-stim","21","101144","0.0-5.0-16.0","s590","","500","0","cue","","<div class = centerbox><div class = img-container><img src = ""/static/experiments/dot_pattern_expectancy/images/cue4.png""</img></div></div>","none","500","AX","practice","4","","",""
"-1","-1","poldrack-single-stim","22","103149","0.0-5.0-17.0","s590","","2000","0","fixation","","<div class = centerbox><div class = fixation>+</div></div>","none","2000","","practice","","","",""
"722","89","poldrack-single-stim","23","104650","0.0-5.0-18.0","s590","","1500","0","probe","","<div class = centerbox><div class = img-container><img src = ""/static/experiments/dot_pattern_expectancy/images/probe3.png""</img></div></div>","89,71","500","AX","practice","4","89","true",""
"-1","-1","poldrack-single-stim","24","105152","0.0-5.0-19.0","s590","","500","0","feedback","","<div class = centerbox><div style=""color:#4FE829""; class = center-text>Correct!</div></div>","none","500","","practice","5","","",""
"-1","-1","poldrack-single-stim","25","105656","0.0-5.0-20.0","s590","","500","0","cue","","<div class = centerbox><div class = img-container><img src = ""/static/experiments/dot_pattern_expectancy/images/cue1.png""</img></div></div>","none","500","BX","practice","5","","",""
"-1","-1","poldrack-single-stim","26","107658","0.0-5.0-21.0","s590","","2000","0","fixation","","<div class = centerbox><div class = fixation>+</div></div>","none","2000","","practice","","","",""
"245","71","poldrack-single-stim","27","109162","0.0-5.0-22.0","s590","","1500","0","probe","","<div class = centerbox><div class = img-container><img src = ""/static/experiments/dot_pattern_expectancy/images/probe3.png""</img></div></div>","89,71","500","BX","practice","5","71","true",""
"-1","-1","poldrack-single-stim","28","109669","0.0-5.0-23.0","s590","","500","0","feedback","","<div class = centerbox><div style=""color:#4FE829""; class = center-text>Correct!</div></div>","none","500","","practice","6","","",""
"-1","-1","poldrack-single-stim","29","110173","0.0-5.0-24.0","s590","","500","0","cue","","<div class = centerbox><div class = img-container><img src = ""/static/experiments/dot_pattern_expectancy/images/cue5.png""</img></div></div>","none","500","BX","practice","6","","",""
"-1","-1","poldrack-single-stim","30","112175","0.0-5.0-25.0","s590","","2000","0","fixation","","<div class = centerbox><div class = fixation>+</div></div>","none","2000","","practice","","","",""
"223","71","poldrack-single-stim","31","113680","0.0-5.0-26.0","s590","","1500","0","probe","","<div class = centerbox><div class = img-container><img src = ""/static/experiments/dot_pattern_expectancy/images/probe3.png""</img></div></div>","89,71","500","BX","practice","6","71","true",""
"-1","-1","poldrack-single-stim","32","114181","0.0-5.0-27.0","s590","","500","0","feedback","","<div class = centerbox><div style=""color:#4FE829""; class = center-text>Correct!</div></div>","none","500","","practice","7","","",""
"-1","-1","poldrack-single-stim","33","114685","0.0-5.0-28.0","s590","","500","0","cue","","<div class = centerbox><div class = img-container><img src = ""/static/experiments/dot_pattern_expectancy/images/cue1.png""</img></div></div>","none","500","BY","practice","7","","",""
"-1","-1","poldrack-single-stim","34","116687","0.0-5.0-29.0","s590","","2000","0","fixation","","<div class = centerbox><div class = fixation>+</div></div>","none","2000","","practice","","","",""
"275","71","poldrack-single-stim","35","118789","0.0-5.0-30.0","s590","","2100","0","probe","","<div class = centerbox><div class = img-container><img src = ""/static/experiments/dot_pattern_expectancy/images/probe4.png""</img></div></div>","89,71","500","BY","practice","7","71","true",""
"-1","-1","poldrack-single-stim","36","119291","0.0-5.0-31.0","s590","","500","0","feedback","","<div class = centerbox><div style=""color:#4FE829""; class = center-text>Correct!</div></div>","none","500","","practice","8","","",""
"-1","-1","poldrack-single-stim","37","119795","0.0-5.0-32.0","s590","","500","0","cue","","<div class = centerbox><div class = img-container><img src = ""/static/experiments/dot_pattern_expectancy/images/cue1.png""</img></div></div>","none","500","BY","practice","8","","",""
"-1","-1","poldrack-single-stim","38","121797","0.0-5.0-33.0","s590","","2000","0","fixation","","<div class = centerbox><div class = fixation>+</div></div>","none","2000","","practice","","","",""
"-1","-1","poldrack-single-stim","39","123301","0.0-5.0-34.0","s590","","1500","0","probe","","<div class = centerbox><div class = img-container><img src = ""/static/experiments/dot_pattern_expectancy/images/probe2.png""</img></div></div>","89,71","500","BY","practice","8","71","false",""
"-1","-1","poldrack-single-stim","40","123803","0.0-5.0-35.0","s590","","500","0","feedback","","<div class = centerbox><div class = center-text>Respond Faster!</p></div>","none","500","","practice","9","","",""
"-1","-1","poldrack-single-stim","41","124304","0.0-5.0-36.0","s590","","500","0","cue","","<div class = centerbox><div class = img-container><img src = ""/static/experiments/dot_pattern_expectancy/images/cue4.png""</img></div></div>","none","500","AY","practice","9","","",""
"-1","-1","poldrack-single-stim","42","126307","0.0-5.0-37.0","s590","","2000","0","fixation","","<div class = centerbox><div class = fixation>+</div></div>","none","2000","","practice","","","",""
"531","71","poldrack-single-stim","43","127808","0.0-5.0-38.0","s590","","1500","0","probe","","<div class = centerbox><div class = img-container><img src = ""/static/experiments/dot_pattern_expectancy/images/probe2.png""</img></div></div>","89,71","500","AY","practice","9","71","true",""
"-1","-1","poldrack-single-stim","44","128314","0.0-5.0-39.0","s590","","500","0","feedback","","<div class = centerbox><div style=""color:#4FE829""; class = center-text>Correct!</div></div>","none","500","","practice","10","","",""
"29937","32","poldrack-text","45","158253","0.0-6.0","s590","<div class = centerbox><div  class = center-text>Scanner Setup</div></div>","29937","0","fmri_scanner_wait","","","","","","","","","",""
"1200","84","poldrack-text","46","159454","0.0-7.0","s590","<div class = centerbox><div  class = center-text>Task about to start!</div></div>","1200","0","fmri_trigger_wait","","","","","","","","","",""
"679","84","poldrack-text","47","160134","0.0-8.0","s590","<div class = centerbox><div  class = center-text>Task about to start!</div></div>","679","0","fmri_trigger_wait","","","","","","","","","",""
"679","84","poldrack-text","48","160814","0.0-9.0","s590","<div class = centerbox><div  class = center-text>Task about to start!</div></div>","679","0","fmri_trigger_wait","","","","","","","","","",""
"679","84","poldrack-text","49","161494","0.0-10.0","s590","<div class = centerbox><div  class = center-text>Task about to start!</div></div>","679","0","fmri_trigger_wait","","","","","","","","","",""
"679","84","poldrack-text","50","162174","0.0-11.0","s590","<div class = centerbox><div  class = center-text>Task about to start!</div></div>","679","0","fmri_trigger_wait","","","","","","","","","",""
"679","84","poldrack-text","51","162854","0.0-12.0","s590","<div class = centerbox><div  class = center-text>Task about to start!</div></div>","679","0","fmri_trigger_wait","","","","","","","","","",""
"679","84","poldrack-text","52","163534","0.0-13.0","s590","<div class = centerbox><div  class = center-text>Task about to start!</div></div>","679","0","fmri_trigger_wait","","","","","","","","","",""
"679","84","poldrack-text","53","164214","0.0-14.0","s590","<div class = centerbox><div  class = center-text>Task about to start!</div></div>","679","0","fmri_trigger_wait","","","","","","","","","",""
"679","84","poldrack-text","54","164894","0.0-15.0","s590","<div class = centerbox><div  class = center-text>Task about to start!</div></div>","679","0","fmri_trigger_wait","","","","","","","","","",""
"679","84","poldrack-text","55","165574","0.0-16.0","s590","<div class = centerbox><div  class = center-text>Task about to start!</div></div>","679","0","fmri_trigger_wait","","","","","","","","","",""
"679","84","poldrack-text","56","166254","0.0-17.0","s590","<div class = centerbox><div  class = center-text>Task about to start!</div></div>","679","0","fmri_trigger_wait","","","","","","","","","",""
"679","84","poldrack-text","57","166934","0.0-18.0","s590","<div class = centerbox><div  class = center-text>Task about to start!</div></div>","679","0","fmri_trigger_wait","","","","","","","","","",""
"680","84","poldrack-text","58","167614","0.0-19.0","s590","<div class = centerbox><div  class = center-text>Task about to start!</div></div>","680","0","fmri_trigger_wait","","","","","","","","","",""
"680","84","poldrack-text","59","168295","0.0-20.0","s590","<div class = centerbox><div  class = center-text>Task about to start!</div></div>","680","0","fmri_trigger_wait","","","","","","","","","",""
"678","84","poldrack-text","60","168974","0.0-21.0","s590","<div class = centerbox><div  class = center-text>Task about to start!</div></div>","678","0","fmri_trigger_wait","","","","","","","","","",""
"680","84","poldrack-text","61","169654","0.0-22.0","s590","<div class = centerbox><div  class = center-text>Task about to start!</div></div>","680","0","fmri_trigger_wait","","","","","","","","","",""
"-1","-1","poldrack-single-stim","62","170660","0.0-23.0","s590","","1000","0","fmri_buffer","","","none","1000","","","","","",""
"-1","-1","poldrack-single-stim","63","172161","0.0-24.0","s590","","1500","500","test_start_block","","<div class = centerbox><div class = center-text>Get ready!</p></div>","none","1500","","","","","",""
"-1","-1","poldrack-single-stim","64","173165","0.0-25.0","s590","","500","0","cue","","<div class = centerbox><div class = img-container><img src = ""/static/experiments/dot_pattern_expectancy/images/cue4.png""</img></div></div>","none","500","AY","test","0","","",""
"-1","-1","poldrack-single-stim","65","175170","0.0-26.0","s590","","2000","0","fixation","","<div class = centerbox><div class = fixation>+</div></div>","none","2000","","test","","","",""
"401","89","poldrack-single-stim","66","176807","0.0-27.0","s590","","1636","0","probe","","<div class = centerbox><div class = img-container><img src = ""/static/experiments/dot_pattern_expectancy/images/probe2.png""</img></div></div>","89,71","500","AY","test","0","71","false",""
"-1","-1","poldrack-single-stim","67","177308","0.0-28.0","s590","","500","0","cue","","<div class = centerbox><div class = img-container><img src = ""/static/experiments/dot_pattern_expectancy/images/cue4.png""</img></div></div>","none","500","AX","test","1","","",""
"-1","-1","poldrack-single-stim","68","179314","0.0-29.0","s590","","2000","0","fixation","","<div class = centerbox><div class = fixation>+</div></div>","none","2000","","test","","","",""
"393","89","poldrack-single-stim","69","180952","0.0-30.0","s590","","1636","0","probe","","<div class = centerbox><div class = img-container><img src = ""/static/experiments/dot_pattern_expectancy/images/probe3.png""</img></div></div>","89,71","500","AX","test","1","89","true",""
"-1","-1","poldrack-single-stim","70","181458","0.0-31.0","s590","","500","0","cue","","<div class = centerbox><div class = img-container><img src = ""/static/experiments/dot_pattern_expectancy/images/cue4.png""</img></div></div>","none","500","AX","test","2","","",""
"-1","-1","poldrack-single-stim","71","183463","0.0-32.0","s590","","2000","0","fixation","","<div class = centerbox><div class = fixation>+</div></div>","none","2000","","test","","","",""
"395","89","poldrack-single-stim","72","184969","0.0-33.0","s590","","1500","0","probe","","<div class = centerbox><div class = img-container><img src = ""/static/experiments/dot_pattern_expectancy/images/probe3.png""</img></div></div>","89,71","500","AX","test","2","89","true",""
"-1","-1","poldrack-single-stim","73","185474","0.0-34.0","s590","","500","0","cue","","<div class = centerbox><div class = img-container><img src = ""/static/experiments/dot_pattern_expectancy/images/cue4.png""</img></div></div>","none","500","AX","test","3","","",""
"-1","-1","poldrack-single-stim","74","187479","0.0-35.0","s590","","2000","0","fixation","","<div class = centerbox><div class = fixation>+</div></div>","none","2000","","test","","","",""
"365","89","poldrack-single-stim","75","188983","0.0-36.0","s590","","1500","0","probe","","<div class = centerbox><div class = img-container><img src = ""/static/experiments/dot_pattern_expectancy/images/probe3.png""</img></div></div>","89,71","500","AX","test","3","89","true",""
"-1","-1","poldrack-single-stim","76","189484","0.0-37.0","s590","","500","0","cue","","<div class = centerbox><div class = img-container><img src = ""/static/experiments/dot_pattern_expectancy/images/cue4.png""</img></div></div>","none","500","AX","test","4","","",""
"-1","-1","poldrack-single-stim","77","191490","0.0-38.0","s590","","2000","0","fixation","","<div class = centerbox><div class = fixation>+</div></div>","none","2000","","test","","","",""
"470","89","poldrack-single-stim","78","193399","0.0-39.0","s590","","1908","0","probe","","<div class = centerbox><div class = img-container><img src = ""/static/experiments/dot_pattern_expectancy/images/probe3.png""</img></div></div>","89,71","500","AX","test","4","89","true",""
"-1","-1","poldrack-single-stim","79","193901","0.0-40.0","s590","","500","0","cue","","<div class = centerbox><div class = img-container><img src = ""/static/experiments/dot_pattern_expectancy/images/cue3.png""</img></div></div>","none","500","BX","test","5","","",""
"-1","-1","poldrack-single-stim","80","195907","0.0-41.0","s590","","2000","0","fixation","","<div class = centerbox><div class = fixation>+</div></div>","none","2000","","test","","","",""
"229","71","poldrack-single-stim","81","197544","0.0-42.0","s590","","1636","0","probe","","<div class = centerbox><div class = img-container><img src = ""/static/experiments/dot_pattern_expectancy/images/probe3.png""</img></div></div>","89,71","500","BX","test","5","71","true",""
"-1","-1","poldrack-single-stim","82","198045","0.0-43.0","s590","","500","0","cue","","<div class = centerbox><div class = img-container><img src = ""/static/experiments/dot_pattern_expectancy/images/cue4.png""</img></div></div>","none","500","AX","test","6","","",""
"-1","-1","poldrack-single-stim","83","200050","0.0-44.0","s590","","2000","0","fixation","","<div class = centerbox><div class = fixation>+</div></div>","none","2000","","test","","","",""
"311","89","poldrack-single-stim","84","202098","0.0-45.0","s590","","2044","0","probe","","<div class = centerbox><div class = img-container><img src = ""/static/experiments/dot_pattern_expectancy/images/probe3.png""</img></div></div>","89,71","500","AX","test","6","89","true",""
"-1","-1","poldrack-single-stim","85","202600","0.0-46.0","s590","","500","0","cue","","<div class = centerbox><div class = img-container><img src = ""/static/experiments/dot_pattern_expectancy/images/cue4.png""</img></div></div>","none","500","AX","test","7","","",""
"-1","-1","poldrack-single-stim","86","204605","0.0-47.0","s590","","2000","0","fixation","","<div class = centerbox><div class = fixation>+</div></div>","none","2000","","test","","","",""
"366","89","poldrack-single-stim","87","206378","0.0-48.0","s590","","1772","0","probe","","<div class = centerbox><div class = img-container><img src = ""/static/experiments/dot_pattern_expectancy/images/probe3.png""</img></div></div>","89,71","500","AX","test","7","89","true",""
"-1","-1","poldrack-single-stim","88","206882","0.0-49.0","s590","","500","0","cue","","<div class = centerbox><div class = img-container><img src = ""/static/experiments/dot_pattern_expectancy/images/cue4.png""</img></div></div>","none","500","AX","test","8","","",""
"-1","-1","poldrack-single-stim","89","208888","0.0-50.0","s590","","2000","0","fixation","","<div class = centerbox><div class = fixation>+</div></div>","none","2000","","test","","","",""
"449","89","poldrack-single-stim","90","210392","0.0-51.0","s590","","1500","0","probe","","<div class = centerbox><div class = img-container><img src = ""/static/experiments/dot_pattern_expectancy/images/probe3.png""</img></div></div>","89,71","500","AX","test","8","89","true",""
"-1","-1","poldrack-single-stim","91","210894","0.0-52.0","s590","","500","0","cue","","<div class = centerbox><div class = img-container><img src = ""/static/experiments/dot_pattern_expectancy/images/cue4.png""</img></div></div>","none","500","AX","test","9","","",""
"-1","-1","poldrack-single-stim","92","212898","0.0-53.0","s590","","2000","0","fixation","","<div class = centerbox><div class = fixation>+</div></div>","none","2000","","test","","","",""
"309","89","poldrack-single-stim","93","215081","0.0-54.0","s590","","2180","0","probe","","<div class = centerbox><div class = img-container><img src = ""/static/experiments/dot_pattern_expectancy/images/probe3.png""</img></div></div>","89,71","500","AX","test","9","89","true",""
"-1","-1","poldrack-single-stim","94","215586","0.0-55.0","s590","","500","0","cue","","<div class = centerbox><div class = img-container><img src = ""/static/experiments/dot_pattern_expectancy/images/cue4.png""</img></div></div>","none","500","AX","test","10","","",""
"-1","-1","poldrack-single-stim","95","217592","0.0-56.0","s590","","2000","0","fixation","","<div class = centerbox><div class = fixation>+</div></div>","none","2000","","test","","","",""
"331","89","poldrack-single-stim","96","219097","0.0-57.0","s590","","1500","0","probe","","<div class = centerbox><div class = img-container><img src = ""/static/experiments/dot_pattern_expectancy/images/probe3.png""</img></div></div>","89,71","500","AX","test","10","89","true",""
"-1","-1","poldrack-single-stim","97","219599","0.0-58.0","s590","","500","0","cue","","<div class = centerbox><div class = img-container><img src = ""/static/experiments/dot_pattern_expectancy/images/cue3.png""</img></div></div>","none","500","BX","test","11","","",""
"-1","-1","poldrack-single-stim","98","221603","0.0-59.0","s590","","2000","0","fixation","","<div class = centerbox><div class = fixation>+</div></div>","none","2000","","test","","","",""
"233","71","poldrack-single-stim","99","225283","0.0-60.0","s590","","3676","0","probe","","<div class = centerbox><div class = img-container><img src = ""/static/experiments/dot_pattern_expectancy/images/probe3.png""</img></div></div>","89,71","500","BX","test","11","71","true",""
"-1","-1","poldrack-single-stim","100","225784","0.0-61.0","s590","","500","0","cue","","<div class = centerbox><div class = img-container><img src = ""/static/experiments/dot_pattern_expectancy/images/cue3.png""</img></div></div>","none","500","BY","test","12","","",""
"-1","-1","poldrack-single-stim","101","227788","0.0-62.0","s590","","2000","0","fixation","","<div class = centerbox><div class = fixation>+</div></div>","none","2000","","test","","","",""
"230","71","poldrack-single-stim","102","229427","0.0-63.0","s590","","1636","0","probe","","<div class = centerbox><div class = img-container><img src = ""/static/experiments/dot_pattern_expectancy/images/probe4.png""</img></div></div>","89,71","500","BY","test","12","71","true",""
"-1","-1","poldrack-single-stim","103","229928","0.0-64.0","s590","","500","0","cue","","<div class = centerbox><div class = img-container><img src = ""/static/experiments/dot_pattern_expectancy/images/cue2.png""</img></div></div>","none","500","BY","test","13","","",""
"-1","-1","poldrack-single-stim","104","231935","0.0-65.0","s590","","2000","0","fixation","","<div class = centerbox><div class = fixation>+</div></div>","none","2000","","test","","","",""
"201","71","poldrack-single-stim","105","233572","0.0-66.0","s590","","1636","0","probe","","<div class = centerbox><div class = img-container><img src = ""/static/experiments/dot_pattern_expectancy/images/probe2.png""</img></div></div>","89,71","500","BY","test","13","71","true",""
"-1","-1","poldrack-single-stim","106","234074","0.0-67.0","s590","","500","0","cue","","<div class = centerbox><div class = img-container><img src = ""/static/experiments/dot_pattern_expectancy/images/cue3.png""</img></div></div>","none","500","BX","test","14","","",""
"-1","-1","poldrack-single-stim","107","236075","0.0-68.0","s590","","2000","0","fixation","","<div class = centerbox><div class = fixation>+</div></div>","none","2000","","test","","","",""
"250","71","poldrack-single-stim","108","237577","0.0-69.0","s590","","1500","0","probe","","<div class = centerbox><div class = img-container><img src = ""/static/experiments/dot_pattern_expectancy/images/probe3.png""</img></div></div>","89,71","500","BX","test","14","71","true",""
"-1","-1","poldrack-single-stim","109","238078","0.0-70.0","s590","","500","0","cue","","<div class = centerbox><div class = img-container><img src = ""/static/experiments/dot_pattern_expectancy/images/cue4.png""</img></div></div>","none","500","AX","test","15","","",""
"-1","-1","poldrack-single-stim","110","240083","0.0-71.0","s590","","2000","0","fixation","","<div class = centerbox><div class = fixation>+</div></div>","none","2000","","test","","","",""
"392","89","poldrack-single-stim","111","241993","0.0-72.0","s590","","1908","0","probe","","<div class = centerbox><div class = img-container><img src = ""/static/experiments/dot_pattern_expectancy/images/probe3.png""</img></div></div>","89,71","500","AX","test","15","89","true",""
"-1","-1","poldrack-single-stim","112","242494","0.0-73.0","s590","","500","0","cue","","<div class = centerbox><div class = img-container><img src = ""/static/experiments/dot_pattern_expectancy/images/cue4.png""</img></div></div>","none","500","AX","test","16","","",""
"-1","-1","poldrack-single-stim","113","244500","0.0-74.0","s590","","2000","0","fixation","","<div class = centerbox><div class = fixation>+</div></div>","none","2000","","test","","","",""
"365","89","poldrack-single-stim","114","246137","0.0-75.0","s590","","1636","0","probe","","<div class = centerbox><div class = img-container><img src = ""/static/experiments/dot_pattern_expectancy/images/probe3.png""</img></div></div>","89,71","500","AX","test","16","89","true",""
"-1","-1","poldrack-single-stim","115","246638","0.0-76.0","s590","","500","0","cue","","<div class = centerbox><div class = img-container><img src = ""/static/experiments/dot_pattern_expectancy/images/cue3.png""</img></div></div>","none","500","BX","test","17","","",""
"-1","-1","poldrack-single-stim","116","248644","0.0-77.0","s590","","2000","0","fixation","","<div class = centerbox><div class = fixation>+</div></div>","none","2000","","test","","","",""
"270","71","poldrack-single-stim","117","250149","0.0-78.0","s590","","1500","0","probe","","<div class = centerbox><div class = img-container><img src = ""/static/experiments/dot_pattern_expectancy/images/probe3.png""</img></div></div>","89,71","500","BX","test","17","71","true",""
"-1","-1","poldrack-single-stim","118","250650","0.0-79.0","s590","","500","0","cue","","<div class = centerbox><div class = img-container><img src = ""/static/experiments/dot_pattern_expectancy/images/cue4.png""</img></div></div>","none","500","AX","test","18","","",""
"-1","-1","poldrack-single-stim","119","252655","0.0-80.0","s590","","2000","0","fixation","","<div class = centerbox><div class = fixation>+</div></div>","none","2000","","test","","","",""
"265","89","poldrack-single-stim","120","254564","0.0-81.0","s590","","1908","0","probe","","<div class = centerbox><div class = img-container><img src = ""/static/experiments/dot_pattern_expectancy/images/probe3.png""</img></div></div>","89,71","500","AX","test","18","89","true",""
"-1","-1","poldrack-single-stim","121","255065","0.0-82.0","s590","","500","0","cue","","<div class = centerbox><div class = img-container><img src = ""/static/experiments/dot_pattern_expectancy/images/cue6.png""</img></div></div>","none","500","BY","test","19","","",""
"-1","-1","poldrack-single-stim","122","257071","0.0-83.0","s590","","2000","0","fixation","","<div class = centerbox><div class = fixation>+</div></div>","none","2000","","test","","","",""
"314","71","poldrack-single-stim","123","259257","0.0-84.0","s590","","2180","0","probe","","<div class = centerbox><div class = img-container><img src = ""/static/experiments/dot_pattern_expectancy/images/probe6.png""</img></div></div>","89,71","500","BY","test","19","71","true",""
"-1","-1","poldrack-single-stim","124","259759","0.0-85.0","s590","","500","0","cue","","<div class = centerbox><div class = img-container><img src = ""/static/experiments/dot_pattern_expectancy/images/cue4.png""</img></div></div>","none","500","AX","test","20","","",""
"-1","-1","poldrack-single-stim","125","261764","0.0-86.0","s590","","2000","0","fixation","","<div class = centerbox><div class = fixation>+</div></div>","none","2000","","test","","","",""
"401","89","poldrack-single-stim","126","263540","0.0-87.0","s590","","1772","0","probe","","<div class = centerbox><div class = img-container><img src = ""/static/experiments/dot_pattern_expectancy/images/probe3.png""</img></div></div>","89,71","500","AX","test","20","89","true",""
"-1","-1","poldrack-single-stim","127","264042","0.0-88.0","s590","","500","0","cue","","<div class = centerbox><div class = img-container><img src = ""/static/experiments/dot_pattern_expectancy/images/cue4.png""</img></div></div>","none","500","AX","test","21","","",""
"-1","-1","poldrack-single-stim","128","266046","0.0-89.0","s590","","2000","0","fixation","","<div class = centerbox><div class = fixation>+</div></div>","none","2000","","test","","","",""
"306","89","poldrack-single-stim","129","267550","0.0-90.0","s590","","1500","0","probe","","<div class = centerbox><div class = img-container><img src = ""/static/experiments/dot_pattern_expectancy/images/probe3.png""</img></div></div>","89,71","500","AX","test","21","89","true",""
"-1","-1","poldrack-single-stim","130","268052","0.0-91.0","s590","","500","0","cue","","<div class = centerbox><div class = img-container><img src = ""/static/experiments/dot_pattern_expectancy/images/cue4.png""</img></div></div>","none","500","AX","test","22","","",""
"-1","-1","poldrack-single-stim","131","270053","0.0-92.0","s590","","2000","0","fixation","","<div class = centerbox><div class = fixation>+</div></div>","none","2000","","test","","","",""
"386","89","poldrack-single-stim","132","271556","0.0-93.0","s590","","1500","0","probe","","<div class = centerbox><div class = img-container><img src = ""/static/experiments/dot_pattern_expectancy/images/probe3.png""</img></div></div>","89,71","500","AX","test","22","89","true",""
"-1","-1","poldrack-single-stim","133","272058","0.0-94.0","s590","","500","0","cue","","<div class = centerbox><div class = img-container><img src = ""/static/experiments/dot_pattern_expectancy/images/cue4.png""</img></div></div>","none","500","AX","test","23","","",""
"-1","-1","poldrack-single-stim","134","274063","0.0-95.0","s590","","2000","0","fixation","","<div class = centerbox><div class = fixation>+</div></div>","none","2000","","test","","","",""
"303","89","poldrack-single-stim","135","276111","0.0-96.0","s590","","2044","0","probe","","<div class = centerbox><div class = img-container><img src = ""/static/experiments/dot_pattern_expectancy/images/probe3.png""</img></div></div>","89,71","500","AX","test","23","89","true",""
"-1","-1","poldrack-single-stim","136","276613","0.0-97.0","s590","","500","0","cue","","<div class = centerbox><div class = img-container><img src = ""/static/experiments/dot_pattern_expectancy/images/cue4.png""</img></div></div>","none","500","AX","test","24","","",""
"-1","-1","poldrack-single-stim","137","278618","0.0-98.0","s590","","2000","0","fixation","","<div class = centerbox><div class = fixation>+</div></div>","none","2000","","test","","","",""
"271","89","poldrack-single-stim","138","281482","0.0-99.0","s590","","2860","0","probe","","<div class = centerbox><div class = img-container><img src = ""/static/experiments/dot_pattern_expectancy/images/probe3.png""</img></div></div>","89,71","500","AX","test","24","89","true",""
"-1","-1","poldrack-single-stim","139","281985","0.0-100.0","s590","","500","0","cue","","<div class = centerbox><div class = img-container><img src = ""/static/experiments/dot_pattern_expectancy/images/cue2.png""</img></div></div>","none","500","BX","test","25","","",""
"-1","-1","poldrack-single-stim","140","283989","0.0-101.0","s590","","2000","0","fixation","","<div class = centerbox><div class = fixation>+</div></div>","none","2000","","test","","","",""
"250","71","poldrack-single-stim","141","285495","0.0-102.0","s590","","1500","0","probe","","<div class = centerbox><div class = img-container><img src = ""/static/experiments/dot_pattern_expectancy/images/probe3.png""</img></div></div>","89,71","500","BX","test","25","71","true",""
"-1","-1","poldrack-single-stim","142","286000","0.0-103.0","s590","","500","0","cue","","<div class = centerbox><div class = img-container><img src = ""/static/experiments/dot_pattern_expectancy/images/cue2.png""</img></div></div>","none","500","BY","test","26","","",""
"-1","-1","poldrack-single-stim","143","288002","0.0-104.0","s590","","2000","0","fixation","","<div class = centerbox><div class = fixation>+</div></div>","none","2000","","test","","","",""
"253","71","poldrack-single-stim","144","289775","0.0-105.0","s590","","1772","0","probe","","<div class = centerbox><div class = img-container><img src = ""/static/experiments/dot_pattern_expectancy/images/probe1.png""</img></div></div>","89,71","500","BY","test","26","71","true",""
"-1","-1","poldrack-single-stim","145","290277","0.0-106.0","s590","","500","0","cue","","<div class = centerbox><div class = img-container><img src = ""/static/experiments/dot_pattern_expectancy/images/cue4.png""</img></div></div>","none","500","AX","test","27","","",""
"-1","-1","poldrack-single-stim","146","292282","0.0-107.0","s590","","2000","0","fixation","","<div class = centerbox><div class = fixation>+</div></div>","none","2000","","test","","","",""
"376","89","poldrack-single-stim","147","294058","0.0-108.0","s590","","1772","0","probe","","<div class = centerbox><div class = img-container><img src = ""/static/experiments/dot_pattern_expectancy/images/probe3.png""</img></div></div>","89,71","500","AX","test","27","89","true",""
"-1","-1","poldrack-single-stim","148","294563","0.0-109.0","s590","","500","0","cue","","<div class = centerbox><div class = img-container><img src = ""/static/experiments/dot_pattern_expectancy/images/cue4.png""</img></div></div>","none","500","AX","test","28","","",""
"-1","-1","poldrack-single-stim","149","296565","0.0-110.0","s590","","2000","0","fixation","","<div class = centerbox><div class = fixation>+</div></div>","none","2000","","test","","","",""
"298","89","poldrack-single-stim","150","299428","0.0-111.0","s590","","2860","0","probe","","<div class = centerbox><div class = img-container><img src = ""/static/experiments/dot_pattern_expectancy/images/probe3.png""</img></div></div>","89,71","500","AX","test","28","89","true",""
"-1","-1","poldrack-single-stim","151","299930","0.0-112.0","s590","","500","0","cue","","<div class = centerbox><div class = img-container><img src = ""/static/experiments/dot_pattern_expectancy/images/cue4.png""</img></div></div>","none","500","AX","test","29","","",""
"-1","-1","poldrack-single-stim","152","301936","0.0-113.0","s590","","2000","0","fixation","","<div class = centerbox><div class = fixation>+</div></div>","none","2000","","test","","","",""
"394","89","poldrack-single-stim","153","303712","0.0-114.0","s590","","1772","0","probe","","<div class = centerbox><div class = img-container><img src = ""/static/experiments/dot_pattern_expectancy/images/probe3.png""</img></div></div>","89,71","500","AX","test","29","89","true",""
"-1","-1","poldrack-single-stim","154","304214","0.0-115.0","s590","","500","0","cue","","<div class = centerbox><div class = img-container><img src = ""/static/experiments/dot_pattern_expectancy/images/cue5.png""</img></div></div>","none","500","BX","test","30","","",""
"-1","-1","poldrack-single-stim","155","306219","0.0-116.0","s590","","2000","0","fixation","","<div class = centerbox><div class = fixation>+</div></div>","none","2000","","test","","","",""
"211","71","poldrack-single-stim","156","307856","0.0-117.0","s590","","1636","0","probe","","<div class = centerbox><div class = img-container><img src = ""/static/experiments/dot_pattern_expectancy/images/probe3.png""</img></div></div>","89,71","500","BX","test","30","71","true",""
"-1","-1","poldrack-single-stim","157","308357","0.0-118.0","s590","","500","0","cue","","<div class = centerbox><div class = img-container><img src = ""/static/experiments/dot_pattern_expectancy/images/cue1.png""</img></div></div>","none","500","BX","test","31","","",""
"-1","-1","poldrack-single-stim","158","310363","0.0-119.0","s590","","2000","0","fixation","","<div class = centerbox><div class = fixation>+</div></div>","none","2000","","test","","","",""
"497","71","poldrack-single-stim","159","312816","0.0-120.0","s590","","2452","0","probe","","<div class = centerbox><div class = img-container><img src = ""/static/experiments/dot_pattern_expectancy/images/probe3.png""</img></div></div>","89,71","500","BX","test","31","71","true",""
"-1","-1","poldrack-single-stim","160","313318","0.0-121.0","s590","","500","0","cue","","<div class = centerbox><div class = img-container><img src = ""/static/experiments/dot_pattern_expectancy/images/cue4.png""</img></div></div>","none","500","AX","test","32","","",""
"-1","-1","poldrack-single-stim","161","315323","0.0-122.0","s590","","2000","0","fixation","","<div class = centerbox><div class = fixation>+</div></div>","none","2000","","test","","","",""
"317","89","poldrack-single-stim","162","316960","0.0-123.0","s590","","1636","0","probe","","<div class = centerbox><div class = img-container><img src = ""/static/experiments/dot_pattern_expectancy/images/probe3.png""</img></div></div>","89,71","500","AX","test","32","89","true",""
"-1","-1","poldrack-single-stim","163","317462","0.0-124.0","s590","","500","0","cue","","<div class = centerbox><div class = img-container><img src = ""/static/experiments/dot_pattern_expectancy/images/cue6.png""</img></div></div>","none","500","BX","test","33","","",""
"-1","-1","poldrack-single-stim","164","319467","0.0-125.0","s590","","2000","0","fixation","","<div class = centerbox><div class = fixation>+</div></div>","none","2000","","test","","","",""
"260","71","poldrack-single-stim","165","320971","0.0-126.0","s590","","1500","0","probe","","<div class = centerbox><div class = img-container><img src = ""/static/experiments/dot_pattern_expectancy/images/probe3.png""</img></div></div>","89,71","500","BX","test","33","71","true",""
"-1","-1","poldrack-single-stim","166","321473","0.0-127.0","s590","","500","0","cue","","<div class = centerbox><div class = img-container><img src = ""/static/experiments/dot_pattern_expectancy/images/cue4.png""</img></div></div>","none","500","AX","test","34","","",""
"-1","-1","poldrack-single-stim","167","323478","0.0-128.0","s590","","2000","0","fixation","","<div class = centerbox><div class = fixation>+</div></div>","none","2000","","test","","","",""
"486","89","poldrack-single-stim","168","325115","0.0-129.0","s590","","1636","0","probe","","<div class = centerbox><div class = img-container><img src = ""/static/experiments/dot_pattern_expectancy/images/probe3.png""</img></div></div>","89,71","500","AX","test","34","89","true",""
"-1","-1","poldrack-single-stim","169","325617","0.0-130.0","s590","","500","0","cue","","<div class = centerbox><div class = img-container><img src = ""/static/experiments/dot_pattern_expectancy/images/cue4.png""</img></div></div>","none","500","AX","test","35","","",""
"-1","-1","poldrack-single-stim","170","327620","0.0-131.0","s590","","2000","0","fixation","","<div class = centerbox><div class = fixation>+</div></div>","none","2000","","test","","","",""
"271","89","poldrack-single-stim","171","329259","0.0-132.0","s590","","1636","0","probe","","<div class = centerbox><div class = img-container><img src = ""/static/experiments/dot_pattern_expectancy/images/probe3.png""</img></div></div>","89,71","500","AX","test","35","89","true",""
"-1","-1","poldrack-single-stim","172","329761","0.0-133.0","s590","","500","0","cue","","<div class = centerbox><div class = img-container><img src = ""/static/experiments/dot_pattern_expectancy/images/cue5.png""</img></div></div>","none","500","BY","test","36","","",""
"-1","-1","poldrack-single-stim","173","331765","0.0-134.0","s590","","2000","0","fixation","","<div class = centerbox><div class = fixation>+</div></div>","none","2000","","test","","","",""
"-1","-1","poldrack-single-stim","174","333947","0.0-135.0","s590","","2180","0","probe","","<div class = centerbox><div class = img-container><img src = ""/static/experiments/dot_pattern_expectancy/images/probe5.png""</img></div></div>","89,71","500","BY","test","36","71","false",""
"-1","-1","poldrack-single-stim","175","334449","0.0-136.0","s590","","500","0","cue","","<div class = centerbox><div class = img-container><img src = ""/static/experiments/dot_pattern_expectancy/images/cue4.png""</img></div></div>","none","500","AX","test","37","","",""
"-1","-1","poldrack-single-stim","176","336454","0.0-137.0","s590","","2000","0","fixation","","<div class = centerbox><div class = fixation>+</div></div>","none","2000","","test","","","",""
"465","89","poldrack-single-stim","177","337957","0.0-138.0","s590","","1500","0","probe","","<div class = centerbox><div class = img-container><img src = ""/static/experiments/dot_pattern_expectancy/images/probe3.png""</img></div></div>","89,71","500","AX","test","37","89","true",""
"-1","-1","poldrack-single-stim","178","338458","0.0-139.0","s590","","500","0","cue","","<div class = centerbox><div class = img-container><img src = ""/static/experiments/dot_pattern_expectancy/images/cue4.png""</img></div></div>","none","500","AY","test","38","","",""
"-1","-1","poldrack-single-stim","179","340462","0.0-140.0","s590","","2000","0","fixation","","<div class = centerbox><div class = fixation>+</div></div>","none","2000","","test","","","",""
"512","71","poldrack-single-stim","180","342102","0.0-141.0","s590","","1636","0","probe","","<div class = centerbox><div class = img-container><img src = ""/static/experiments/dot_pattern_expectancy/images/probe4.png""</img></div></div>","89,71","500","AY","test","38","71","true",""
"-1","-1","poldrack-single-stim","181","342607","0.0-142.0","s590","","500","0","cue","","<div class = centerbox><div class = img-container><img src = ""/static/experiments/dot_pattern_expectancy/images/cue4.png""</img></div></div>","none","500","AX","test","39","","",""
"-1","-1","poldrack-single-stim","182","344609","0.0-143.0","s590","","2000","0","fixation","","<div class = centerbox><div class = fixation>+</div></div>","none","2000","","test","","","",""
"440","89","poldrack-single-stim","183","346246","0.0-144.0","s590","","1636","0","probe","","<div class = centerbox><div class = img-container><img src = ""/static/experiments/dot_pattern_expectancy/images/probe3.png""</img></div></div>","89,71","500","AX","test","39","89","true",""
"-1","-1","poldrack-single-stim","184","353750","0.0-145.0","s590","","7500","1000","rest_block","","<div class = centerbox><div class = center-text>Take a break!<br>Next run will start in a moment</div></div>","none","7500","","","","","",""
"-1","-1","poldrack-single-stim","185","356255","0.0-146.0","s590","","1500","500","test_start_block","","<div class = centerbox><div class = center-text>Get ready!</p></div>","none","1500","","","","","",""
"-1","-1","poldrack-single-stim","186","357263","0.0-147.0","s590","","500","0","cue","","<div class = centerbox><div class = img-container><img src = ""/static/experiments/dot_pattern_expectancy/images/cue4.png""</img></div></div>","none","500","AX","test","0","","",""
"-1","-1","poldrack-single-stim","187","359264","0.0-148.0","s590","","2000","0","fixation","","<div class = centerbox><div class = fixation>+</div></div>","none","2000","","test","","","",""
"398","89","poldrack-single-stim","188","361447","0.0-149.0","s590","","2180","0","probe","","<div class = centerbox><div class = img-container><img src = ""/static/experiments/dot_pattern_expectancy/images/probe3.png""</img></div></div>","89,71","500","AX","test","0","89","true",""
"-1","-1","poldrack-single-stim","189","361948","0.0-150.0","s590","","500","0","cue","","<div class = centerbox><div class = img-container><img src = ""/static/experiments/dot_pattern_expectancy/images/cue4.png""</img></div></div>","none","500","AY","test","1","","",""
"-1","-1","poldrack-single-stim","190","363954","0.0-151.0","s590","","2000","0","fixation","","<div class = centerbox><div class = fixation>+</div></div>","none","2000","","test","","","",""
"466","71","poldrack-single-stim","191","366274","0.0-152.0","s590","","2316","0","probe","","<div class = centerbox><div class = img-container><img src = ""/static/experiments/dot_pattern_expectancy/images/probe5.png""</img></div></div>","89,71","500","AY","test","1","71","true",""
"-1","-1","poldrack-single-stim","192","366775","0.0-153.0","s590","","500","0","cue","","<div class = centerbox><div class = img-container><img src = ""/static/experiments/dot_pattern_expectancy/images/cue4.png""</img></div></div>","none","500","AY","test","2","","",""
"-1","-1","poldrack-single-stim","193","368780","0.0-154.0","s590","","2000","0","fixation","","<div class = centerbox><div class = fixation>+</div></div>","none","2000","","test","","","",""
"410","89","poldrack-single-stim","194","370423","0.0-155.0","s590","","1636","0","probe","","<div class = centerbox><div class = img-container><img src = ""/static/experiments/dot_pattern_expectancy/images/probe4.png""</img></div></div>","89,71","500","AY","test","2","71","false",""
"-1","-1","poldrack-single-stim","195","370925","0.0-156.0","s590","","500","0","cue","","<div class = centerbox><div class = img-container><img src = ""/static/experiments/dot_pattern_expectancy/images/cue3.png""</img></div></div>","none","500","BX","test","3","","",""
"-1","-1","poldrack-single-stim","196","372929","0.0-157.0","s590","","2000","0","fixation","","<div class = centerbox><div class = fixation>+</div></div>","none","2000","","test","","","",""
"214","71","poldrack-single-stim","197","374839","0.0-158.0","s590","","1908","0","probe","","<div class = centerbox><div class = img-container><img src = ""/static/experiments/dot_pattern_expectancy/images/probe3.png""</img></div></div>","89,71","500","BX","test","3","71","true",""
"-1","-1","poldrack-single-stim","198","375344","0.0-159.0","s590","","500","0","cue","","<div class = centerbox><div class = img-container><img src = ""/static/experiments/dot_pattern_expectancy/images/cue4.png""</img></div></div>","none","500","AX","test","4","","",""
"-1","-1","poldrack-single-stim","199","377346","0.0-160.0","s590","","2000","0","fixation","","<div class = centerbox><div class = fixation>+</div></div>","none","2000","","test","","","",""
"380","89","poldrack-single-stim","200","380887","0.0-161.0","s590","","3540","0","probe","","<div class = centerbox><div class = img-container><img src = ""/static/experiments/dot_pattern_expectancy/images/probe3.png""</img></div></div>","89,71","500","AX","test","4","89","true",""
"-1","-1","poldrack-single-stim","201","381389","0.0-162.0","s590","","500","0","cue","","<div class = centerbox><div class = img-container><img src = ""/static/experiments/dot_pattern_expectancy/images/cue1.png""</img></div></div>","none","500","BX","test","5","","",""
"-1","-1","poldrack-single-stim","202","383394","0.0-163.0","s590","","2000","0","fixation","","<div class = centerbox><div class = fixation>+</div></div>","none","2000","","test","","","",""
"248","71","poldrack-single-stim","203","385031","0.0-164.0","s590","","1636","0","probe","","<div class = centerbox><div class = img-container><img src = ""/static/experiments/dot_pattern_expectancy/images/probe3.png""</img></div></div>","89,71","500","BX","test","5","71","true",""
"-1","-1","poldrack-single-stim","204","385533","0.0-165.0","s590","","500","0","cue","","<div class = centerbox><div class = img-container><img src = ""/static/experiments/dot_pattern_expectancy/images/cue2.png""</img></div></div>","none","500","BY","test","6","","",""
"-1","-1","poldrack-single-stim","205","387538","0.0-166.0","s590","","2000","0","fixation","","<div class = centerbox><div class = fixation>+</div></div>","none","2000","","test","","","",""
"247","71","poldrack-single-stim","206","389042","0.0-167.0","s590","","1500","0","probe","","<div class = centerbox><div class = img-container><img src = ""/static/experiments/dot_pattern_expectancy/images/probe1.png""</img></div></div>","89,71","500","BY","test","6","71","true",""
"-1","-1","poldrack-single-stim","207","389544","0.0-168.0","s590","","500","0","cue","","<div class = centerbox><div class = img-container><img src = ""/static/experiments/dot_pattern_expectancy/images/cue4.png""</img></div></div>","none","500","AX","test","7","","",""
"-1","-1","poldrack-single-stim","208","391549","0.0-169.0","s590","","2000","0","fixation","","<div class = centerbox><div class = fixation>+</div></div>","none","2000","","test","","","",""
"568","89","poldrack-single-stim","209","393054","0.0-170.0","s590","","1500","0","probe","","<div class = centerbox><div class = img-container><img src = ""/static/experiments/dot_pattern_expectancy/images/probe3.png""</img></div></div>","89,71","500","AX","test","7","89","true",""
"-1","-1","poldrack-single-stim","210","393559","0.0-171.0","s590","","500","0","cue","","<div class = centerbox><div class = img-container><img src = ""/static/experiments/dot_pattern_expectancy/images/cue4.png""</img></div></div>","none","500","AX","test","8","","",""
"-1","-1","poldrack-single-stim","211","395561","0.0-172.0","s590","","2000","0","fixation","","<div class = centerbox><div class = fixation>+</div></div>","none","2000","","test","","","",""
"540","89","poldrack-single-stim","212","397336","0.0-173.0","s590","","1772","0","probe","","<div class = centerbox><div class = img-container><img src = ""/static/experiments/dot_pattern_expectancy/images/probe3.png""</img></div></div>","89,71","500","AX","test","8","89","true",""
"-1","-1","poldrack-single-stim","213","397837","0.0-174.0","s590","","500","0","cue","","<div class = centerbox><div class = img-container><img src = ""/static/experiments/dot_pattern_expectancy/images/cue5.png""</img></div></div>","none","500","BY","test","9","","",""
"-1","-1","poldrack-single-stim","214","399843","0.0-175.0","s590","","2000","0","fixation","","<div class = centerbox><div class = fixation>+</div></div>","none","2000","","test","","","",""
"224","71","poldrack-single-stim","215","402296","0.0-176.0","s590","","2452","0","probe","","<div class = centerbox><div class = img-container><img src = ""/static/experiments/dot_pattern_expectancy/images/probe1.png""</img></div></div>","89,71","500","BY","test","9","71","true",""
"-1","-1","poldrack-single-stim","216","402798","0.0-177.0","s590","","500","0","cue","","<div class = centerbox><div class = img-container><img src = ""/static/experiments/dot_pattern_expectancy/images/cue4.png""</img></div></div>","none","500","AX","test","10","","",""
"-1","-1","poldrack-single-stim","217","404803","0.0-178.0","s590","","2000","0","fixation","","<div class = centerbox><div class = fixation>+</div></div>","none","2000","","test","","","",""
"428","89","poldrack-single-stim","218","406712","0.0-179.0","s590","","1908","0","probe","","<div class = centerbox><div class = img-container><img src = ""/static/experiments/dot_pattern_expectancy/images/probe3.png""</img></div></div>","89,71","500","AX","test","10","89","true",""
"-1","-1","poldrack-single-stim","219","407214","0.0-180.0","s590","","500","0","cue","","<div class = centerbox><div class = img-container><img src = ""/static/experiments/dot_pattern_expectancy/images/cue5.png""</img></div></div>","none","500","BX","test","11","","",""
"-1","-1","poldrack-single-stim","220","409220","0.0-181.0","s590","","2000","0","fixation","","<div class = centerbox><div class = fixation>+</div></div>","none","2000","","test","","","",""
"339","71","poldrack-single-stim","221","410862","0.0-182.0","s590","","1636","0","probe","","<div class = centerbox><div class = img-container><img src = ""/static/experiments/dot_pattern_expectancy/images/probe3.png""</img></div></div>","89,71","500","BX","test","11","71","true",""
"-1","-1","poldrack-single-stim","222","411363","0.0-183.0","s590","","500","0","cue","","<div class = centerbox><div class = img-container><img src = ""/static/experiments/dot_pattern_expectancy/images/cue4.png""</img></div></div>","none","500","AX","test","12","","",""
"-1","-1","poldrack-single-stim","223","413368","0.0-184.0","s590","","2000","0","fixation","","<div class = centerbox><div class = fixation>+</div></div>","none","2000","","test","","","",""
"298","89","poldrack-single-stim","224","414872","0.0-185.0","s590","","1500","0","probe","","<div class = centerbox><div class = img-container><img src = ""/static/experiments/dot_pattern_expectancy/images/probe3.png""</img></div></div>","89,71","500","AX","test","12","89","true",""
"-1","-1","poldrack-single-stim","225","415374","0.0-186.0","s590","","500","0","cue","","<div class = centerbox><div class = img-container><img src = ""/static/experiments/dot_pattern_expectancy/images/cue4.png""</img></div></div>","none","500","AX","test","13","","",""
"-1","-1","poldrack-single-stim","226","417379","0.0-187.0","s590","","2000","0","fixation","","<div class = centerbox><div class = fixation>+</div></div>","none","2000","","test","","","",""
"409","89","poldrack-single-stim","227","419017","0.0-188.0","s590","","1636","0","probe","","<div class = centerbox><div class = img-container><img src = ""/static/experiments/dot_pattern_expectancy/images/probe3.png""</img></div></div>","89,71","500","AX","test","13","89","true",""
"-1","-1","poldrack-single-stim","228","419518","0.0-189.0","s590","","500","0","cue","","<div class = centerbox><div class = img-container><img src = ""/static/experiments/dot_pattern_expectancy/images/cue4.png""</img></div></div>","none","500","AX","test","14","","",""
"-1","-1","poldrack-single-stim","229","421523","0.0-190.0","s590","","2000","0","fixation","","<div class = centerbox><div class = fixation>+</div></div>","none","2000","","test","","","",""
"431","89","poldrack-single-stim","230","423160","0.0-191.0","s590","","1636","0","probe","","<div class = centerbox><div class = img-container><img src = ""/static/experiments/dot_pattern_expectancy/images/probe3.png""</img></div></div>","89,71","500","AX","test","14","89","true",""
"-1","-1","poldrack-single-stim","231","423662","0.0-192.0","s590","","500","0","cue","","<div class = centerbox><div class = img-container><img src = ""/static/experiments/dot_pattern_expectancy/images/cue1.png""</img></div></div>","none","500","BY","test","15","","",""
"-1","-1","poldrack-single-stim","232","425668","0.0-193.0","s590","","2000","0","fixation","","<div class = centerbox><div class = fixation>+</div></div>","none","2000","","test","","","",""
"123","71","poldrack-single-stim","233","428121","0.0-194.0","s590","","2452","0","probe","","<div class = centerbox><div class = img-container><img src = ""/static/experiments/dot_pattern_expectancy/images/probe4.png""</img></div></div>","89,71","500","BY","test","15","71","true",""
"-1","-1","poldrack-single-stim","234","428622","0.0-195.0","s590","","500","0","cue","","<div class = centerbox><div class = img-container><img src = ""/static/experiments/dot_pattern_expectancy/images/cue4.png""</img></div></div>","none","500","AX","test","16","","",""
"-1","-1","poldrack-single-stim","235","430628","0.0-196.0","s590","","2000","0","fixation","","<div class = centerbox><div class = fixation>+</div></div>","none","2000","","test","","","",""
"321","89","poldrack-single-stim","236","432133","0.0-197.0","s590","","1500","0","probe","","<div class = centerbox><div class = img-container><img src = ""/static/experiments/dot_pattern_expectancy/images/probe3.png""</img></div></div>","89,71","500","AX","test","16","89","true",""
"-1","-1","poldrack-single-stim","237","432638","0.0-198.0","s590","","500","0","cue","","<div class = centerbox><div class = img-container><img src = ""/static/experiments/dot_pattern_expectancy/images/cue2.png""</img></div></div>","none","500","BY","test","17","","",""
"-1","-1","poldrack-single-stim","238","434644","0.0-199.0","s590","","2000","0","fixation","","<div class = centerbox><div class = fixation>+</div></div>","none","2000","","test","","","",""
"-1","-1","poldrack-single-stim","239","436147","0.0-200.0","s590","","1500","0","probe","","<div class = centerbox><div class = img-container><img src = ""/static/experiments/dot_pattern_expectancy/images/probe4.png""</img></div></div>","89,71","500","BY","test","17","71","false",""
"-1","-1","poldrack-single-stim","240","436649","0.0-201.0","s590","","500","0","cue","","<div class = centerbox><div class = img-container><img src = ""/static/experiments/dot_pattern_expectancy/images/cue4.png""</img></div></div>","none","500","AX","test","18","","",""
"-1","-1","poldrack-single-stim","241","438655","0.0-202.0","s590","","2000","0","fixation","","<div class = centerbox><div class = fixation>+</div></div>","none","2000","","test","","","",""
"345","89","poldrack-single-stim","242","440292","0.0-203.0","s590","","1636","0","probe","","<div class = centerbox><div class = img-container><img src = ""/static/experiments/dot_pattern_expectancy/images/probe3.png""</img></div></div>","89,71","500","AX","test","18","89","true",""
"-1","-1","poldrack-single-stim","243","440795","0.0-204.0","s590","","500","0","cue","","<div class = centerbox><div class = img-container><img src = ""/static/experiments/dot_pattern_expectancy/images/cue4.png""</img></div></div>","none","500","AX","test","19","","",""
"-1","-1","poldrack-single-stim","244","442799","0.0-205.0","s590","","2000","0","fixation","","<div class = centerbox><div class = fixation>+</div></div>","none","2000","","test","","","",""
"397","89","poldrack-single-stim","245","444436","0.0-206.0","s590","","1636","0","probe","","<div class = centerbox><div class = img-container><img src = ""/static/experiments/dot_pattern_expectancy/images/probe3.png""</img></div></div>","89,71","500","AX","test","19","89","true",""
"-1","-1","poldrack-single-stim","246","444937","0.0-207.0","s590","","500","0","cue","","<div class = centerbox><div class = img-container><img src = ""/static/experiments/dot_pattern_expectancy/images/cue4.png""</img></div></div>","none","500","AY","test","20","","",""
"-1","-1","poldrack-single-stim","247","446942","0.0-208.0","s590","","2000","0","fixation","","<div class = centerbox><div class = fixation>+</div></div>","none","2000","","test","","","",""
"631","71","poldrack-single-stim","248","448580","0.0-209.0","s590","","1636","0","probe","","<div class = centerbox><div class = img-container><img src = ""/static/experiments/dot_pattern_expectancy/images/probe1.png""</img></div></div>","89,71","500","AY","test","20","71","true",""
"-1","-1","poldrack-single-stim","249","449082","0.0-210.0","s590","","500","0","cue","","<div class = centerbox><div class = img-container><img src = ""/static/experiments/dot_pattern_expectancy/images/cue4.png""</img></div></div>","none","500","AX","test","21","","",""
"-1","-1","poldrack-single-stim","250","451087","0.0-211.0","s590","","2000","0","fixation","","<div class = centerbox><div class = fixation>+</div></div>","none","2000","","test","","","",""
"553","89","poldrack-single-stim","251","452592","0.0-212.0","s590","","1500","0","probe","","<div class = centerbox><div class = img-container><img src = ""/static/experiments/dot_pattern_expectancy/images/probe3.png""</img></div></div>","89,71","500","AX","test","21","89","true",""
"-1","-1","poldrack-single-stim","252","453098","0.0-213.0","s590","","500","0","cue","","<div class = centerbox><div class = img-container><img src = ""/static/experiments/dot_pattern_expectancy/images/cue4.png""</img></div></div>","none","500","AX","test","22","","",""
"-1","-1","poldrack-single-stim","253","455103","0.0-214.0","s590","","2000","0","fixation","","<div class = centerbox><div class = fixation>+</div></div>","none","2000","","test","","","",""
"412","89","poldrack-single-stim","254","456606","0.0-215.0","s590","","1500","0","probe","","<div class = centerbox><div class = img-container><img src = ""/static/experiments/dot_pattern_expectancy/images/probe3.png""</img></div></div>","89,71","500","AX","test","22","89","true",""
"-1","-1","poldrack-single-stim","255","457108","0.0-216.0","s590","","500","0","cue","","<div class = centerbox><div class = img-container><img src = ""/static/experiments/dot_pattern_expectancy/images/cue4.png""</img></div></div>","none","500","AX","test","23","","",""
"-1","-1","poldrack-single-stim","256","459114","0.0-217.0","s590","","2000","0","fixation","","<div class = centerbox><div class = fixation>+</div></div>","none","2000","","test","","","",""
"315","89","poldrack-single-stim","257","460890","0.0-218.0","s590","","1772","0","probe","","<div class = centerbox><div class = img-container><img src = ""/static/experiments/dot_pattern_expectancy/images/probe3.png""</img></div></div>","89,71","500","AX","test","23","89","true",""
"-1","-1","poldrack-single-stim","258","461392","0.0-219.0","s590","","500","0","cue","","<div class = centerbox><div class = img-container><img src = ""/static/experiments/dot_pattern_expectancy/images/cue4.png""</img></div></div>","none","500","AX","test","24","","",""
"-1","-1","poldrack-single-stim","259","463397","0.0-220.0","s590","","2000","0","fixation","","<div class = centerbox><div class = fixation>+</div></div>","none","2000","","test","","","",""
"306","89","poldrack-single-stim","260","465578","0.0-221.0","s590","","2180","0","probe","","<div class = centerbox><div class = img-container><img src = ""/static/experiments/dot_pattern_expectancy/images/probe3.png""</img></div></div>","89,71","500","AX","test","24","89","true",""
"-1","-1","poldrack-single-stim","261","466079","0.0-222.0","s590","","500","0","cue","","<div class = centerbox><div class = img-container><img src = ""/static/experiments/dot_pattern_expectancy/images/cue1.png""</img></div></div>","none","500","BX","test","25","","",""
"-1","-1","poldrack-single-stim","262","468084","0.0-223.0","s590","","2000","0","fixation","","<div class = centerbox><div class = fixation>+</div></div>","none","2000","","test","","","",""
"251","71","poldrack-single-stim","263","469860","0.0-224.0","s590","","1772","0","probe","","<div class = centerbox><div class = img-container><img src = ""/static/experiments/dot_pattern_expectancy/images/probe3.png""</img></div></div>","89,71","500","BX","test","25","71","true",""
"-1","-1","poldrack-single-stim","264","470362","0.0-225.0","s590","","500","0","cue","","<div class = centerbox><div class = img-container><img src = ""/static/experiments/dot_pattern_expectancy/images/cue5.png""</img></div></div>","none","500","BY","test","26","","",""
"-1","-1","poldrack-single-stim","265","472368","0.0-226.0","s590","","2000","0","fixation","","<div class = centerbox><div class = fixation>+</div></div>","none","2000","","test","","","",""
"270","71","poldrack-single-stim","266","473872","0.0-227.0","s590","","1500","0","probe","","<div class = centerbox><div class = img-container><img src = ""/static/experiments/dot_pattern_expectancy/images/probe5.png""</img></div></div>","89,71","500","BY","test","26","71","true",""
"-1","-1","poldrack-single-stim","267","474373","0.0-228.0","s590","","500","0","cue","","<div class = centerbox><div class = img-container><img src = ""/static/experiments/dot_pattern_expectancy/images/cue4.png""</img></div></div>","none","500","AX","test","27","","",""
"-1","-1","poldrack-single-stim","268","476378","0.0-229.0","s590","","2000","0","fixation","","<div class = centerbox><div class = fixation>+</div></div>","none","2000","","test","","","",""
"372","89","poldrack-single-stim","269","477882","0.0-230.0","s590","","1500","0","probe","","<div class = centerbox><div class = img-container><img src = ""/static/experiments/dot_pattern_expectancy/images/probe3.png""</img></div></div>","89,71","500","AX","test","27","89","true",""
"-1","-1","poldrack-single-stim","270","478384","0.0-231.0","s590","","500","0","cue","","<div class = centerbox><div class = img-container><img src = ""/static/experiments/dot_pattern_expectancy/images/cue4.png""</img></div></div>","none","500","AX","test","28","","",""
"-1","-1","poldrack-single-stim","271","480389","0.0-232.0","s590","","2000","0","fixation","","<div class = centerbox><div class = fixation>+</div></div>","none","2000","","test","","","",""
"456","89","poldrack-single-stim","272","482026","0.0-233.0","s590","","1636","0","probe","","<div class = centerbox><div class = img-container><img src = ""/static/experiments/dot_pattern_expectancy/images/probe3.png""</img></div></div>","89,71","500","AX","test","28","89","true",""
"-1","-1","poldrack-single-stim","273","482528","0.0-234.0","s590","","500","0","cue","","<div class = centerbox><div class = img-container><img src = ""/static/experiments/dot_pattern_expectancy/images/cue4.png""</img></div></div>","none","500","AY","test","29","","",""
"-1","-1","poldrack-single-stim","274","484530","0.0-235.0","s590","","2000","0","fixation","","<div class = centerbox><div class = fixation>+</div></div>","none","2000","","test","","","",""
"467","71","poldrack-single-stim","275","486715","0.0-236.0","s590","","2180","0","probe","","<div class = centerbox><div class = img-container><img src = ""/static/experiments/dot_pattern_expectancy/images/probe1.png""</img></div></div>","89,71","500","AY","test","29","71","true",""
"-1","-1","poldrack-single-stim","276","487216","0.0-237.0","s590","","500","0","cue","","<div class = centerbox><div class = img-container><img src = ""/static/experiments/dot_pattern_expectancy/images/cue4.png""</img></div></div>","none","500","AY","test","30","","",""
"-1","-1","poldrack-single-stim","277","489221","0.0-238.0","s590","","2000","0","fixation","","<div class = centerbox><div class = fixation>+</div></div>","none","2000","","test","","","",""
"687","71","poldrack-single-stim","278","491541","0.0-239.0","s590","","2316","0","probe","","<div class = centerbox><div class = img-container><img src = ""/static/experiments/dot_pattern_expectancy/images/probe2.png""</img></div></div>","89,71","500","AY","test","30","71","true",""
"-1","-1","poldrack-single-stim","279","492042","0.0-240.0","s590","","500","0","cue","","<div class = centerbox><div class = img-container><img src = ""/static/experiments/dot_pattern_expectancy/images/cue2.png""</img></div></div>","none","500","BX","test","31","","",""
"-1","-1","poldrack-single-stim","280","494044","0.0-241.0","s590","","2000","0","fixation","","<div class = centerbox><div class = fixation>+</div></div>","none","2000","","test","","","",""
"319","71","poldrack-single-stim","281","495685","0.0-242.0","s590","","1636","0","probe","","<div class = centerbox><div class = img-container><img src = ""/static/experiments/dot_pattern_expectancy/images/probe3.png""</img></div></div>","89,71","500","BX","test","31","71","true",""
"-1","-1","poldrack-single-stim","282","496187","0.0-243.0","s590","","500","0","cue","","<div class = centerbox><div class = img-container><img src = ""/static/experiments/dot_pattern_expectancy/images/cue3.png""</img></div></div>","none","500","BX","test","32","","",""
"-1","-1","poldrack-single-stim","283","498192","0.0-244.0","s590","","2000","0","fixation","","<div class = centerbox><div class = fixation>+</div></div>","none","2000","","test","","","",""
"263","71","poldrack-single-stim","284","500374","0.0-245.0","s590","","2180","0","probe","","<div class = centerbox><div class = img-container><img src = ""/static/experiments/dot_pattern_expectancy/images/probe3.png""</img></div></div>","89,71","500","BX","test","32","71","true",""
"-1","-1","poldrack-single-stim","285","500875","0.0-246.0","s590","","500","0","cue","","<div class = centerbox><div class = img-container><img src = ""/static/experiments/dot_pattern_expectancy/images/cue4.png""</img></div></div>","none","500","AY","test","33","","",""
"-1","-1","poldrack-single-stim","286","502876","0.0-247.0","s590","","2000","0","fixation","","<div class = centerbox><div class = fixation>+</div></div>","none","2000","","test","","","",""
"477","71","poldrack-single-stim","287","504923","0.0-248.0","s590","","2044","0","probe","","<div class = centerbox><div class = img-container><img src = ""/static/experiments/dot_pattern_expectancy/images/probe4.png""</img></div></div>","89,71","500","AY","test","33","71","true",""
"-1","-1","poldrack-single-stim","288","505426","0.0-249.0","s590","","500","0","cue","","<div class = centerbox><div class = img-container><img src = ""/static/experiments/dot_pattern_expectancy/images/cue4.png""</img></div></div>","none","500","AX","test","34","","",""
"-1","-1","poldrack-single-stim","289","507430","0.0-250.0","s590","","2000","0","fixation","","<div class = centerbox><div class = fixation>+</div></div>","none","2000","","test","","","",""
"421","89","poldrack-single-stim","290","509206","0.0-251.0","s590","","1772","0","probe","","<div class = centerbox><div class = img-container><img src = ""/static/experiments/dot_pattern_expectancy/images/probe3.png""</img></div></div>","89,71","500","AX","test","34","89","true",""
"-1","-1","poldrack-single-stim","291","509707","0.0-252.0","s590","","500","0","cue","","<div class = centerbox><div class = img-container><img src = ""/static/experiments/dot_pattern_expectancy/images/cue4.png""</img></div></div>","none","500","AX","test","35","","",""
"-1","-1","poldrack-single-stim","292","511711","0.0-253.0","s590","","2000","0","fixation","","<div class = centerbox><div class = fixation>+</div></div>","none","2000","","test","","","",""
"390","89","poldrack-single-stim","293","513212","0.0-254.0","s590","","1500","0","probe","","<div class = centerbox><div class = img-container><img src = ""/static/experiments/dot_pattern_expectancy/images/probe3.png""</img></div></div>","89,71","500","AX","test","35","89","true",""
"-1","-1","poldrack-single-stim","294","513713","0.0-255.0","s590","","500","0","cue","","<div class = centerbox><div class = img-container><img src = ""/static/experiments/dot_pattern_expectancy/images/cue4.png""</img></div></div>","none","500","AX","test","36","","",""
"-1","-1","poldrack-single-stim","295","515718","0.0-256.0","s590","","2000","0","fixation","","<div class = centerbox><div class = fixation>+</div></div>","none","2000","","test","","","",""
"523","89","poldrack-single-stim","296","517905","0.0-257.0","s590","","2180","0","probe","","<div class = centerbox><div class = img-container><img src = ""/static/experiments/dot_pattern_expectancy/images/probe3.png""</img></div></div>","89,71","500","AX","test","36","89","true",""
"-1","-1","poldrack-single-stim","297","518406","0.0-258.0","s590","","500","0","cue","","<div class = centerbox><div class = img-container><img src = ""/static/experiments/dot_pattern_expectancy/images/cue4.png""</img></div></div>","none","500","AY","test","37","","",""
"-1","-1","poldrack-single-stim","298","520412","0.0-259.0","s590","","2000","0","fixation","","<div class = centerbox><div class = fixation>+</div></div>","none","2000","","test","","","",""
"413","71","poldrack-single-stim","299","522865","0.0-260.0","s590","","2452","0","probe","","<div class = centerbox><div class = img-container><img src = ""/static/experiments/dot_pattern_expectancy/images/probe2.png""</img></div></div>","89,71","500","AY","test","37","71","true",""
"-1","-1","poldrack-single-stim","300","523368","0.0-261.0","s590","","500","0","cue","","<div class = centerbox><div class = img-container><img src = ""/static/experiments/dot_pattern_expectancy/images/cue4.png""</img></div></div>","none","500","AX","test","38","","",""
"-1","-1","poldrack-single-stim","301","525371","0.0-262.0","s590","","2000","0","fixation","","<div class = centerbox><div class = fixation>+</div></div>","none","2000","","test","","","",""
"367","89","poldrack-single-stim","302","527009","0.0-263.0","s590","","1636","0","probe","","<div class = centerbox><div class = img-container><img src = ""/static/experiments/dot_pattern_expectancy/images/probe3.png""</img></div></div>","89,71","500","AX","test","38","89","true",""
"-1","-1","poldrack-single-stim","303","527511","0.0-264.0","s590","","500","0","cue","","<div class = centerbox><div class = img-container><img src = ""/static/experiments/dot_pattern_expectancy/images/cue4.png""</img></div></div>","none","500","AX","test","39","","",""
"-1","-1","poldrack-single-stim","304","529515","0.0-265.0","s590","","2000","0","fixation","","<div class = centerbox><div class = fixation>+</div></div>","none","2000","","test","","","",""
"436","71","poldrack-single-stim","305","531425","0.0-266.0","s590","","1908","0","probe","","<div class = centerbox><div class = img-container><img src = ""/static/experiments/dot_pattern_expectancy/images/probe3.png""</img></div></div>","89,71","500","AX","test","39","89","false",""
"-1","-1","poldrack-single-stim","306","538926","0.0-267.0","s590","","7500","1000","rest_block","","<div class = centerbox><div class = center-text>Take a break!<br>Next run will start in a moment</div></div>","none","7500","","","","","",""
"-1","-1","poldrack-single-stim","307","541436","0.0-268.0","s590","","1500","500","test_start_block","","<div class = centerbox><div class = center-text>Get ready!</p></div>","none","1500","","","","","",""
"-1","-1","poldrack-single-stim","308","542441","0.0-269.0","s590","","500","0","cue","","<div class = centerbox><div class = img-container><img src = ""/static/experiments/dot_pattern_expectancy/images/cue4.png""</img></div></div>","none","500","AX","test","0","","",""
"-1","-1","poldrack-single-stim","309","544445","0.0-270.0","s590","","2000","0","fixation","","<div class = centerbox><div class = fixation>+</div></div>","none","2000","","test","","","",""
"406","89","poldrack-single-stim","310","546220","0.0-271.0","s590","","1772","0","probe","","<div class = centerbox><div class = img-container><img src = ""/static/experiments/dot_pattern_expectancy/images/probe3.png""</img></div></div>","89,71","500","AX","test","0","89","true",""
"-1","-1","poldrack-single-stim","311","546721","0.0-272.0","s590","","500","0","cue","","<div class = centerbox><div class = img-container><img src = ""/static/experiments/dot_pattern_expectancy/images/cue4.png""</img></div></div>","none","500","AX","test","1","","",""
"-1","-1","poldrack-single-stim","312","548722","0.0-273.0","s590","","2000","0","fixation","","<div class = centerbox><div class = fixation>+</div></div>","none","2000","","test","","","",""
"363","89","poldrack-single-stim","313","550227","0.0-274.0","s590","","1500","0","probe","","<div class = centerbox><div class = img-container><img src = ""/static/experiments/dot_pattern_expectancy/images/probe3.png""</img></div></div>","89,71","500","AX","test","1","89","true",""
"-1","-1","poldrack-single-stim","314","550732","0.0-275.0","s590","","500","0","cue","","<div class = centerbox><div class = img-container><img src = ""/static/experiments/dot_pattern_expectancy/images/cue4.png""</img></div></div>","none","500","AY","test","2","","",""
"-1","-1","poldrack-single-stim","315","552733","0.0-276.0","s590","","2000","0","fixation","","<div class = centerbox><div class = fixation>+</div></div>","none","2000","","test","","","",""
"371","71","poldrack-single-stim","316","555191","0.0-277.0","s590","","2452","0","probe","","<div class = centerbox><div class = img-container><img src = ""/static/experiments/dot_pattern_expectancy/images/probe2.png""</img></div></div>","89,71","500","AY","test","2","71","true",""
"-1","-1","poldrack-single-stim","317","555693","0.0-278.0","s590","","500","0","cue","","<div class = centerbox><div class = img-container><img src = ""/static/experiments/dot_pattern_expectancy/images/cue4.png""</img></div></div>","none","500","AY","test","3","","",""
"-1","-1","poldrack-single-stim","318","557698","0.0-279.0","s590","","2000","0","fixation","","<div class = centerbox><div class = fixation>+</div></div>","none","2000","","test","","","",""
"640","71","poldrack-single-stim","319","559473","0.0-280.0","s590","","1772","0","probe","","<div class = centerbox><div class = img-container><img src = ""/static/experiments/dot_pattern_expectancy/images/probe6.png""</img></div></div>","89,71","500","AY","test","3","71","true",""
"-1","-1","poldrack-single-stim","320","559975","0.0-281.0","s590","","500","0","cue","","<div class = centerbox><div class = img-container><img src = ""/static/experiments/dot_pattern_expectancy/images/cue4.png""</img></div></div>","none","500","AX","test","4","","",""
"-1","-1","poldrack-single-stim","321","561981","0.0-282.0","s590","","2000","0","fixation","","<div class = centerbox><div class = fixation>+</div></div>","none","2000","","test","","","",""
"562","89","poldrack-single-stim","322","563890","0.0-283.0","s590","","1908","0","probe","","<div class = centerbox><div class = img-container><img src = ""/static/experiments/dot_pattern_expectancy/images/probe3.png""</img></div></div>","89,71","500","AX","test","4","89","true",""
"-1","-1","poldrack-single-stim","323","564392","0.0-284.0","s590","","500","0","cue","","<div class = centerbox><div class = img-container><img src = ""/static/experiments/dot_pattern_expectancy/images/cue4.png""</img></div></div>","none","500","AX","test","5","","",""
"-1","-1","poldrack-single-stim","324","566396","0.0-285.0","s590","","2000","0","fixation","","<div class = centerbox><div class = fixation>+</div></div>","none","2000","","test","","","",""
"390","89","poldrack-single-stim","325","568306","0.0-286.0","s590","","1908","0","probe","","<div class = centerbox><div class = img-container><img src = ""/static/experiments/dot_pattern_expectancy/images/probe3.png""</img></div></div>","89,71","500","AX","test","5","89","true",""
"-1","-1","poldrack-single-stim","326","568812","0.0-287.0","s590","","500","0","cue","","<div class = centerbox><div class = img-container><img src = ""/static/experiments/dot_pattern_expectancy/images/cue4.png""</img></div></div>","none","500","AX","test","6","","",""
"-1","-1","poldrack-single-stim","327","570813","0.0-288.0","s590","","2000","0","fixation","","<div class = centerbox><div class = fixation>+</div></div>","none","2000","","test","","","",""
"367","89","poldrack-single-stim","328","573405","0.0-289.0","s590","","2588","0","probe","","<div class = centerbox><div class = img-container><img src = ""/static/experiments/dot_pattern_expectancy/images/probe3.png""</img></div></div>","89,71","500","AX","test","6","89","true",""
"-1","-1","poldrack-single-stim","329","573907","0.0-290.0","s590","","500","0","cue","","<div class = centerbox><div class = img-container><img src = ""/static/experiments/dot_pattern_expectancy/images/cue4.png""</img></div></div>","none","500","AY","test","7","","",""
"-1","-1","poldrack-single-stim","330","575911","0.0-291.0","s590","","2000","0","fixation","","<div class = centerbox><div class = fixation>+</div></div>","none","2000","","test","","","",""
"483","71","poldrack-single-stim","331","577414","0.0-292.0","s590","","1500","0","probe","","<div class = centerbox><div class = img-container><img src = ""/static/experiments/dot_pattern_expectancy/images/probe1.png""</img></div></div>","89,71","500","AY","test","7","71","true",""
"-1","-1","poldrack-single-stim","332","577917","0.0-293.0","s590","","500","0","cue","","<div class = centerbox><div class = img-container><img src = ""/static/experiments/dot_pattern_expectancy/images/cue1.png""</img></div></div>","none","500","BY","test","8","","",""
"-1","-1","poldrack-single-stim","333","579922","0.0-294.0","s590","","2000","0","fixation","","<div class = centerbox><div class = fixation>+</div></div>","none","2000","","test","","","",""
"299","71","poldrack-single-stim","334","581427","0.0-295.0","s590","","1500","0","probe","","<div class = centerbox><div class = img-container><img src = ""/static/experiments/dot_pattern_expectancy/images/probe4.png""</img></div></div>","89,71","500","BY","test","8","71","true",""
"-1","-1","poldrack-single-stim","335","581928","0.0-296.0","s590","","500","0","cue","","<div class = centerbox><div class = img-container><img src = ""/static/experiments/dot_pattern_expectancy/images/cue6.png""</img></div></div>","none","500","BY","test","9","","",""
"-1","-1","poldrack-single-stim","336","583933","0.0-297.0","s590","","2000","0","fixation","","<div class = centerbox><div class = fixation>+</div></div>","none","2000","","test","","","",""
"246","71","poldrack-single-stim","337","585437","0.0-298.0","s590","","1500","0","probe","","<div class = centerbox><div class = img-container><img src = ""/static/experiments/dot_pattern_expectancy/images/probe2.png""</img></div></div>","89,71","500","BY","test","9","71","true",""
"-1","-1","poldrack-single-stim","338","585939","0.0-299.0","s590","","500","0","cue","","<div class = centerbox><div class = img-container><img src = ""/static/experiments/dot_pattern_expectancy/images/cue4.png""</img></div></div>","none","500","AX","test","10","","",""
"-1","-1","poldrack-single-stim","339","587944","0.0-300.0","s590","","2000","0","fixation","","<div class = centerbox><div class = fixation>+</div></div>","none","2000","","test","","","",""
"331","89","poldrack-single-stim","340","589582","0.0-301.0","s590","","1636","0","probe","","<div class = centerbox><div class = img-container><img src = ""/static/experiments/dot_pattern_expectancy/images/probe3.png""</img></div></div>","89,71","500","AX","test","10","89","true",""
"-1","-1","poldrack-single-stim","341","590083","0.0-302.0","s590","","500","0","cue","","<div class = centerbox><div class = img-container><img src = ""/static/experiments/dot_pattern_expectancy/images/cue2.png""</img></div></div>","none","500","BX","test","11","","",""
"-1","-1","poldrack-single-stim","342","592088","0.0-303.0","s590","","2000","0","fixation","","<div class = centerbox><div class = fixation>+</div></div>","none","2000","","test","","","",""
"270","71","poldrack-single-stim","343","594136","0.0-304.0","s590","","2044","0","probe","","<div class = centerbox><div class = img-container><img src = ""/static/experiments/dot_pattern_expectancy/images/probe3.png""</img></div></div>","89,71","500","BX","test","11","71","true",""
"-1","-1","poldrack-single-stim","344","594638","0.0-305.0","s590","","500","0","cue","","<div class = centerbox><div class = img-container><img src = ""/static/experiments/dot_pattern_expectancy/images/cue4.png""</img></div></div>","none","500","AX","test","12","","",""
"-1","-1","poldrack-single-stim","345","596643","0.0-306.0","s590","","2000","0","fixation","","<div class = centerbox><div class = fixation>+</div></div>","none","2000","","test","","","",""
"347","89","poldrack-single-stim","346","598418","0.0-307.0","s590","","1772","0","probe","","<div class = centerbox><div class = img-container><img src = ""/static/experiments/dot_pattern_expectancy/images/probe3.png""</img></div></div>","89,71","500","AX","test","12","89","true",""
"-1","-1","poldrack-single-stim","347","598920","0.0-308.0","s590","","500","0","cue","","<div class = centerbox><div class = img-container><img src = ""/static/experiments/dot_pattern_expectancy/images/cue1.png""</img></div></div>","none","500","BX","test","13","","",""
"-1","-1","poldrack-single-stim","348","600926","0.0-309.0","s590","","2000","0","fixation","","<div class = centerbox><div class = fixation>+</div></div>","none","2000","","test","","","",""
"343","71","poldrack-single-stim","349","603515","0.0-310.0","s590","","2588","0","probe","","<div class = centerbox><div class = img-container><img src = ""/static/experiments/dot_pattern_expectancy/images/probe3.png""</img></div></div>","89,71","500","BX","test","13","71","true",""
"-1","-1","poldrack-single-stim","350","604019","0.0-311.0","s590","","500","0","cue","","<div class = centerbox><div class = img-container><img src = ""/static/experiments/dot_pattern_expectancy/images/cue4.png""</img></div></div>","none","500","AY","test","14","","",""
"-1","-1","poldrack-single-stim","351","606025","0.0-312.0","s590","","2000","0","fixation","","<div class = centerbox><div class = fixation>+</div></div>","none","2000","","test","","","",""
"547","71","poldrack-single-stim","352","607529","0.0-313.0","s590","","1500","0","probe","","<div class = centerbox><div class = img-container><img src = ""/static/experiments/dot_pattern_expectancy/images/probe1.png""</img></div></div>","89,71","500","AY","test","14","71","true",""
"-1","-1","poldrack-single-stim","353","608033","0.0-314.0","s590","","500","0","cue","","<div class = centerbox><div class = img-container><img src = ""/static/experiments/dot_pattern_expectancy/images/cue4.png""</img></div></div>","none","500","AX","test","15","","",""
"-1","-1","poldrack-single-stim","354","610036","0.0-315.0","s590","","2000","0","fixation","","<div class = centerbox><div class = fixation>+</div></div>","none","2000","","test","","","",""
"681","89","poldrack-single-stim","355","612489","0.0-316.0","s590","","2452","0","probe","","<div class = centerbox><div class = img-container><img src = ""/static/experiments/dot_pattern_expectancy/images/probe3.png""</img></div></div>","89,71","500","AX","test","15","89","true",""
"-1","-1","poldrack-single-stim","356","612990","0.0-317.0","s590","","500","0","cue","","<div class = centerbox><div class = img-container><img src = ""/static/experiments/dot_pattern_expectancy/images/cue2.png""</img></div></div>","none","500","BY","test","16","","",""
"-1","-1","poldrack-single-stim","357","614995","0.0-318.0","s590","","2000","0","fixation","","<div class = centerbox><div class = fixation>+</div></div>","none","2000","","test","","","",""
"224","71","poldrack-single-stim","358","616633","0.0-319.0","s590","","1636","0","probe","","<div class = centerbox><div class = img-container><img src = ""/static/experiments/dot_pattern_expectancy/images/probe2.png""</img></div></div>","89,71","500","BY","test","16","71","true",""
"-1","-1","poldrack-single-stim","359","617135","0.0-320.0","s590","","500","0","cue","","<div class = centerbox><div class = img-container><img src = ""/static/experiments/dot_pattern_expectancy/images/cue4.png""</img></div></div>","none","500","AX","test","17","","",""
"-1","-1","poldrack-single-stim","360","619136","0.0-321.0","s590","","2000","0","fixation","","<div class = centerbox><div class = fixation>+</div></div>","none","2000","","test","","","",""
"575","89","poldrack-single-stim","361","620773","0.0-322.0","s590","","1636","0","probe","","<div class = centerbox><div class = img-container><img src = ""/static/experiments/dot_pattern_expectancy/images/probe3.png""</img></div></div>","89,71","500","AX","test","17","89","true",""
"-1","-1","poldrack-single-stim","362","621279","0.0-323.0","s590","","500","0","cue","","<div class = centerbox><div class = img-container><img src = ""/static/experiments/dot_pattern_expectancy/images/cue4.png""</img></div></div>","none","500","AX","test","18","","",""
"-1","-1","poldrack-single-stim","363","623284","0.0-324.0","s590","","2000","0","fixation","","<div class = centerbox><div class = fixation>+</div></div>","none","2000","","test","","","",""
"332","89","poldrack-single-stim","364","624790","0.0-325.0","s590","","1500","0","probe","","<div class = centerbox><div class = img-container><img src = ""/static/experiments/dot_pattern_expectancy/images/probe3.png""</img></div></div>","89,71","500","AX","test","18","89","true",""
"-1","-1","poldrack-single-stim","365","625294","0.0-326.0","s590","","500","0","cue","","<div class = centerbox><div class = img-container><img src = ""/static/experiments/dot_pattern_expectancy/images/cue1.png""</img></div></div>","none","500","BY","test","19","","",""
"-1","-1","poldrack-single-stim","366","627296","0.0-327.0","s590","","2000","0","fixation","","<div class = centerbox><div class = fixation>+</div></div>","none","2000","","test","","","",""
"278","71","poldrack-single-stim","367","628937","0.0-328.0","s590","","1636","0","probe","","<div class = centerbox><div class = img-container><img src = ""/static/experiments/dot_pattern_expectancy/images/probe5.png""</img></div></div>","89,71","500","BY","test","19","71","true",""
"-1","-1","poldrack-single-stim","368","629444","0.0-329.0","s590","","500","0","cue","","<div class = centerbox><div class = img-container><img src = ""/static/experiments/dot_pattern_expectancy/images/cue4.png""</img></div></div>","none","500","AX","test","20","","",""
"-1","-1","poldrack-single-stim","369","631450","0.0-330.0","s590","","2000","0","fixation","","<div class = centerbox><div class = fixation>+</div></div>","none","2000","","test","","","",""
"381","89","poldrack-single-stim","370","632954","0.0-331.0","s590","","1500","0","probe","","<div class = centerbox><div class = img-container><img src = ""/static/experiments/dot_pattern_expectancy/images/probe3.png""</img></div></div>","89,71","500","AX","test","20","89","true",""
"-1","-1","poldrack-single-stim","371","633456","0.0-332.0","s590","","500","0","cue","","<div class = centerbox><div class = img-container><img src = ""/static/experiments/dot_pattern_expectancy/images/cue4.png""</img></div></div>","none","500","AY","test","21","","",""
"-1","-1","poldrack-single-stim","372","635457","0.0-333.0","s590","","2000","0","fixation","","<div class = centerbox><div class = fixation>+</div></div>","none","2000","","test","","","",""
"538","71","poldrack-single-stim","373","637638","0.0-334.0","s590","","2180","0","probe","","<div class = centerbox><div class = img-container><img src = ""/static/experiments/dot_pattern_expectancy/images/probe6.png""</img></div></div>","89,71","500","AY","test","21","71","true",""
"-1","-1","poldrack-single-stim","374","638143","0.0-335.0","s590","","500","0","cue","","<div class = centerbox><div class = img-container><img src = ""/static/experiments/dot_pattern_expectancy/images/cue4.png""</img></div></div>","none","500","AX","test","22","","",""
"-1","-1","poldrack-single-stim","375","640148","0.0-336.0","s590","","2000","0","fixation","","<div class = centerbox><div class = fixation>+</div></div>","none","2000","","test","","","",""
"373","89","poldrack-single-stim","376","641654","0.0-337.0","s590","","1500","0","probe","","<div class = centerbox><div class = img-container><img src = ""/static/experiments/dot_pattern_expectancy/images/probe3.png""</img></div></div>","89,71","500","AX","test","22","89","true",""
"-1","-1","poldrack-single-stim","377","642155","0.0-338.0","s590","","500","0","cue","","<div class = centerbox><div class = img-container><img src = ""/static/experiments/dot_pattern_expectancy/images/cue4.png""</img></div></div>","none","500","AX","test","23","","",""
"-1","-1","poldrack-single-stim","378","644159","0.0-339.0","s590","","2000","0","fixation","","<div class = centerbox><div class = fixation>+</div></div>","none","2000","","test","","","",""
"385","89","poldrack-single-stim","379","646069","0.0-340.0","s590","","1908","0","probe","","<div class = centerbox><div class = img-container><img src = ""/static/experiments/dot_pattern_expectancy/images/probe3.png""</img></div></div>","89,71","500","AX","test","23","89","true",""
"-1","-1","poldrack-single-stim","380","646570","0.0-341.0","s590","","500","0","cue","","<div class = centerbox><div class = img-container><img src = ""/static/experiments/dot_pattern_expectancy/images/cue2.png""</img></div></div>","none","500","BY","test","24","","",""
"-1","-1","poldrack-single-stim","381","648575","0.0-342.0","s590","","2000","0","fixation","","<div class = centerbox><div class = fixation>+</div></div>","none","2000","","test","","","",""
"249","71","poldrack-single-stim","382","650213","0.0-343.0","s590","","1636","0","probe","","<div class = centerbox><div class = img-container><img src = ""/static/experiments/dot_pattern_expectancy/images/probe4.png""</img></div></div>","89,71","500","BY","test","24","71","true",""
"-1","-1","poldrack-single-stim","383","650714","0.0-344.0","s590","","500","0","cue","","<div class = centerbox><div class = img-container><img src = ""/static/experiments/dot_pattern_expectancy/images/cue3.png""</img></div></div>","none","500","BY","test","25","","",""
"-1","-1","poldrack-single-stim","384","652719","0.0-345.0","s590","","2000","0","fixation","","<div class = centerbox><div class = fixation>+</div></div>","none","2000","","test","","","",""
"281","71","poldrack-single-stim","385","654357","0.0-346.0","s590","","1636","0","probe","","<div class = centerbox><div class = img-container><img src = ""/static/experiments/dot_pattern_expectancy/images/probe5.png""</img></div></div>","89,71","500","BY","test","25","71","true",""
"-1","-1","poldrack-single-stim","386","654858","0.0-347.0","s590","","500","0","cue","","<div class = centerbox><div class = img-container><img src = ""/static/experiments/dot_pattern_expectancy/images/cue4.png""</img></div></div>","none","500","AX","test","26","","",""
"-1","-1","poldrack-single-stim","387","656863","0.0-348.0","s590","","2000","0","fixation","","<div class = centerbox><div class = fixation>+</div></div>","none","2000","","test","","","",""
"441","89","poldrack-single-stim","388","658500","0.0-349.0","s590","","1636","0","probe","","<div class = centerbox><div class = img-container><img src = ""/static/experiments/dot_pattern_expectancy/images/probe3.png""</img></div></div>","89,71","500","AX","test","26","89","true",""
"-1","-1","poldrack-single-stim","389","659002","0.0-350.0","s590","","500","0","cue","","<div class = centerbox><div class = img-container><img src = ""/static/experiments/dot_pattern_expectancy/images/cue4.png""</img></div></div>","none","500","AX","test","27","","",""
"-1","-1","poldrack-single-stim","390","661004","0.0-351.0","s590","","2000","0","fixation","","<div class = centerbox><div class = fixation>+</div></div>","none","2000","","test","","","",""
"569","89","poldrack-single-stim","391","662506","0.0-352.0","s590","","1500","0","probe","","<div class = centerbox><div class = img-container><img src = ""/static/experiments/dot_pattern_expectancy/images/probe3.png""</img></div></div>","89,71","500","AX","test","27","89","true",""
"-1","-1","poldrack-single-stim","392","663009","0.0-353.0","s590","","500","0","cue","","<div class = centerbox><div class = img-container><img src = ""/static/experiments/dot_pattern_expectancy/images/cue6.png""</img></div></div>","none","500","BY","test","28","","",""
"-1","-1","poldrack-single-stim","393","665013","0.0-354.0","s590","","2000","0","fixation","","<div class = centerbox><div class = fixation>+</div></div>","none","2000","","test","","","",""
"325","71","poldrack-single-stim","394","667060","0.0-355.0","s590","","2044","0","probe","","<div class = centerbox><div class = img-container><img src = ""/static/experiments/dot_pattern_expectancy/images/probe4.png""</img></div></div>","89,71","500","BY","test","28","71","true",""
"-1","-1","poldrack-single-stim","395","667562","0.0-356.0","s590","","500","0","cue","","<div class = centerbox><div class = img-container><img src = ""/static/experiments/dot_pattern_expectancy/images/cue4.png""</img></div></div>","none","500","AY","test","29","","",""
"-1","-1","poldrack-single-stim","396","669568","0.0-357.0","s590","","2000","0","fixation","","<div class = centerbox><div class = fixation>+</div></div>","none","2000","","test","","","",""
"743","71","poldrack-single-stim","397","671749","0.0-358.0","s590","","2180","0","probe","","<div class = centerbox><div class = img-container><img src = ""/static/experiments/dot_pattern_expectancy/images/probe5.png""</img></div></div>","89,71","500","AY","test","29","71","true",""
"-1","-1","poldrack-single-stim","398","672251","0.0-359.0","s590","","500","0","cue","","<div class = centerbox><div class = img-container><img src = ""/static/experiments/dot_pattern_expectancy/images/cue4.png""</img></div></div>","none","500","AY","test","30","","",""
"-1","-1","poldrack-single-stim","399","674256","0.0-360.0","s590","","2000","0","fixation","","<div class = centerbox><div class = fixation>+</div></div>","none","2000","","test","","","",""
"643","71","poldrack-single-stim","400","675894","0.0-361.0","s590","","1636","0","probe","","<div class = centerbox><div class = img-container><img src = ""/static/experiments/dot_pattern_expectancy/images/probe5.png""</img></div></div>","89,71","500","AY","test","30","71","true",""
"-1","-1","poldrack-single-stim","401","676395","0.0-362.0","s590","","500","0","cue","","<div class = centerbox><div class = img-container><img src = ""/static/experiments/dot_pattern_expectancy/images/cue4.png""</img></div></div>","none","500","AY","test","31","","",""
"-1","-1","poldrack-single-stim","402","678400","0.0-363.0","s590","","2000","0","fixation","","<div class = centerbox><div class = fixation>+</div></div>","none","2000","","test","","","",""
"608","89","poldrack-single-stim","403","680176","0.0-364.0","s590","","1772","0","probe","","<div class = centerbox><div class = img-container><img src = ""/static/experiments/dot_pattern_expectancy/images/probe1.png""</img></div></div>","89,71","500","AY","test","31","71","false",""
"-1","-1","poldrack-single-stim","404","680678","0.0-365.0","s590","","500","0","cue","","<div class = centerbox><div class = img-container><img src = ""/static/experiments/dot_pattern_expectancy/images/cue3.png""</img></div></div>","none","500","BY","test","32","","",""
"-1","-1","poldrack-single-stim","405","682683","0.0-366.0","s590","","2000","0","fixation","","<div class = centerbox><div class = fixation>+</div></div>","none","2000","","test","","","",""
"307","71","poldrack-single-stim","406","684189","0.0-367.0","s590","","1500","0","probe","","<div class = centerbox><div class = img-container><img src = ""/static/experiments/dot_pattern_expectancy/images/probe4.png""</img></div></div>","89,71","500","BY","test","32","71","true",""
"-1","-1","poldrack-single-stim","407","684690","0.0-368.0","s590","","500","0","cue","","<div class = centerbox><div class = img-container><img src = ""/static/experiments/dot_pattern_expectancy/images/cue1.png""</img></div></div>","none","500","BX","test","33","","",""
"-1","-1","poldrack-single-stim","408","686694","0.0-369.0","s590","","2000","0","fixation","","<div class = centerbox><div class = fixation>+</div></div>","none","2000","","test","","","",""
"443","71","poldrack-single-stim","409","688603","0.0-370.0","s590","","1908","0","probe","","<div class = centerbox><div class = img-container><img src = ""/static/experiments/dot_pattern_expectancy/images/probe3.png""</img></div></div>","89,71","500","BX","test","33","71","true",""
"-1","-1","poldrack-single-stim","410","689105","0.0-371.0","s590","","500","0","cue","","<div class = centerbox><div class = img-container><img src = ""/static/experiments/dot_pattern_expectancy/images/cue4.png""</img></div></div>","none","500","AX","test","34","","",""
"-1","-1","poldrack-single-stim","411","691110","0.0-372.0","s590","","2000","0","fixation","","<div class = centerbox><div class = fixation>+</div></div>","none","2000","","test","","","",""
"333","89","poldrack-single-stim","412","693158","0.0-373.0","s590","","2044","0","probe","","<div class = centerbox><div class = img-container><img src = ""/static/experiments/dot_pattern_expectancy/images/probe3.png""</img></div></div>","89,71","500","AX","test","34","89","true",""
"-1","-1","poldrack-single-stim","413","693659","0.0-374.0","s590","","500","0","cue","","<div class = centerbox><div class = img-container><img src = ""/static/experiments/dot_pattern_expectancy/images/cue4.png""</img></div></div>","none","500","AX","test","35","","",""
"-1","-1","poldrack-single-stim","414","695664","0.0-375.0","s590","","2000","0","fixation","","<div class = centerbox><div class = fixation>+</div></div>","none","2000","","test","","","",""
"442","89","poldrack-single-stim","415","697301","0.0-376.0","s590","","1636","0","probe","","<div class = centerbox><div class = img-container><img src = ""/static/experiments/dot_pattern_expectancy/images/probe3.png""</img></div></div>","89,71","500","AX","test","35","89","true",""
"-1","-1","poldrack-single-stim","416","697804","0.0-377.0","s590","","500","0","cue","","<div class = centerbox><div class = img-container><img src = ""/static/experiments/dot_pattern_expectancy/images/cue4.png""</img></div></div>","none","500","AX","test","36","","",""
"-1","-1","poldrack-single-stim","417","699809","0.0-378.0","s590","","2000","0","fixation","","<div class = centerbox><div class = fixation>+</div></div>","none","2000","","test","","","",""
"391","89","poldrack-single-stim","418","701585","0.0-379.0","s590","","1772","0","probe","","<div class = centerbox><div class = img-container><img src = ""/static/experiments/dot_pattern_expectancy/images/probe3.png""</img></div></div>","89,71","500","AX","test","36","89","true",""
"-1","-1","poldrack-single-stim","419","702086","0.0-380.0","s590","","500","0","cue","","<div class = centerbox><div class = img-container><img src = ""/static/experiments/dot_pattern_expectancy/images/cue4.png""</img></div></div>","none","500","AX","test","37","","",""
"-1","-1","poldrack-single-stim","420","704091","0.0-381.0","s590","","2000","0","fixation","","<div class = centerbox><div class = fixation>+</div></div>","none","2000","","test","","","",""
"374","89","poldrack-single-stim","421","705729","0.0-382.0","s590","","1636","0","probe","","<div class = centerbox><div class = img-container><img src = ""/static/experiments/dot_pattern_expectancy/images/probe3.png""</img></div></div>","89,71","500","AX","test","37","89","true",""
"-1","-1","poldrack-single-stim","422","706230","0.0-383.0","s590","","500","0","cue","","<div class = centerbox><div class = img-container><img src = ""/static/experiments/dot_pattern_expectancy/images/cue1.png""</img></div></div>","none","500","BX","test","38","","",""
"-1","-1","poldrack-single-stim","423","708232","0.0-384.0","s590","","2000","0","fixation","","<div class = centerbox><div class = fixation>+</div></div>","none","2000","","test","","","",""
"420","71","poldrack-single-stim","424","710006","0.0-385.0","s590","","1772","0","probe","","<div class = centerbox><div class = img-container><img src = ""/static/experiments/dot_pattern_expectancy/images/probe3.png""</img></div></div>","89,71","500","BX","test","38","71","true",""
"-1","-1","poldrack-single-stim","425","710508","0.0-386.0","s590","","500","0","cue","","<div class = centerbox><div class = img-container><img src = ""/static/experiments/dot_pattern_expectancy/images/cue4.png""</img></div></div>","none","500","AX","test","39","","",""
"-1","-1","poldrack-single-stim","426","712513","0.0-387.0","s590","","2000","0","fixation","","<div class = centerbox><div class = fixation>+</div></div>","none","2000","","test","","","",""
"376","89","poldrack-single-stim","427","714018","0.0-388.0","s590","","1500","0","probe","","<div class = centerbox><div class = img-container><img src = ""/static/experiments/dot_pattern_expectancy/images/probe3.png""</img></div></div>","89,71","500","AX","test","39","89","true",""
"-1","-1","poldrack-single-stim","428","721522","0.0-389.0","s590","","7500","1000","rest_block","","<div class = centerbox><div class = center-text>Take a break!<br>Next run will start in a moment</div></div>","none","7500","","","","","",""
"-1","-1","poldrack-single-stim","429","724028","0.0-390.0","s590","","1500","500","test_start_block","","<div class = centerbox><div class = center-text>Get ready!</p></div>","none","1500","","","","","",""
"-1","-1","poldrack-single-stim","430","725032","0.0-391.0","s590","","500","0","cue","","<div class = centerbox><div class = img-container><img src = ""/static/experiments/dot_pattern_expectancy/images/cue2.png""</img></div></div>","none","500","BY","test","0","","",""
"-1","-1","poldrack-single-stim","431","727037","0.0-392.0","s590","","2000","0","fixation","","<div class = centerbox><div class = fixation>+</div></div>","none","2000","","test","","","",""
"296","71","poldrack-single-stim","432","728674","0.0-393.0","s590","","1636","0","probe","","<div class = centerbox><div class = img-container><img src = ""/static/experiments/dot_pattern_expectancy/images/probe2.png""</img></div></div>","89,71","500","BY","test","0","71","true",""
"-1","-1","poldrack-single-stim","433","729175","0.0-394.0","s590","","500","0","cue","","<div class = centerbox><div class = img-container><img src = ""/static/experiments/dot_pattern_expectancy/images/cue4.png""</img></div></div>","none","500","AY","test","1","","",""
"-1","-1","poldrack-single-stim","434","731180","0.0-395.0","s590","","2000","0","fixation","","<div class = centerbox><div class = fixation>+</div></div>","none","2000","","test","","","",""
"531","71","poldrack-single-stim","435","732684","0.0-396.0","s590","","1500","0","probe","","<div class = centerbox><div class = img-container><img src = ""/static/experiments/dot_pattern_expectancy/images/probe2.png""</img></div></div>","89,71","500","AY","test","1","71","true",""
"-1","-1","poldrack-single-stim","436","733187","0.0-397.0","s590","","500","0","cue","","<div class = centerbox><div class = img-container><img src = ""/static/experiments/dot_pattern_expectancy/images/cue4.png""</img></div></div>","none","500","AX","test","2","","",""
"-1","-1","poldrack-single-stim","437","735192","0.0-398.0","s590","","2000","0","fixation","","<div class = centerbox><div class = fixation>+</div></div>","none","2000","","test","","","",""
"446","89","poldrack-single-stim","438","737239","0.0-399.0","s590","","2044","0","probe","","<div class = centerbox><div class = img-container><img src = ""/static/experiments/dot_pattern_expectancy/images/probe3.png""</img></div></div>","89,71","500","AX","test","2","89","true",""
"-1","-1","poldrack-single-stim","439","737741","0.0-400.0","s590","","500","0","cue","","<div class = centerbox><div class = img-container><img src = ""/static/experiments/dot_pattern_expectancy/images/cue2.png""</img></div></div>","none","500","BY","test","3","","",""
"-1","-1","poldrack-single-stim","440","739745","0.0-401.0","s590","","2000","0","fixation","","<div class = centerbox><div class = fixation>+</div></div>","none","2000","","test","","","",""
"300","71","poldrack-single-stim","441","741522","0.0-402.0","s590","","1772","0","probe","","<div class = centerbox><div class = img-container><img src = ""/static/experiments/dot_pattern_expectancy/images/probe2.png""</img></div></div>","89,71","500","BY","test","3","71","true",""
"-1","-1","poldrack-single-stim","442","742023","0.0-403.0","s590","","500","0","cue","","<div class = centerbox><div class = img-container><img src = ""/static/experiments/dot_pattern_expectancy/images/cue6.png""</img></div></div>","none","500","BX","test","4","","",""
"-1","-1","poldrack-single-stim","443","744028","0.0-404.0","s590","","2000","0","fixation","","<div class = centerbox><div class = fixation>+</div></div>","none","2000","","test","","","",""
"279","71","poldrack-single-stim","444","745666","0.0-405.0","s590","","1636","0","probe","","<div class = centerbox><div class = img-container><img src = ""/static/experiments/dot_pattern_expectancy/images/probe3.png""</img></div></div>","89,71","500","BX","test","4","71","true",""
"-1","-1","poldrack-single-stim","445","746168","0.0-406.0","s590","","500","0","cue","","<div class = centerbox><div class = img-container><img src = ""/static/experiments/dot_pattern_expectancy/images/cue4.png""</img></div></div>","none","500","AX","test","5","","",""
"-1","-1","poldrack-single-stim","446","748173","0.0-407.0","s590","","2000","0","fixation","","<div class = centerbox><div class = fixation>+</div></div>","none","2000","","test","","","",""
"345","89","poldrack-single-stim","447","749810","0.0-408.0","s590","","1636","0","probe","","<div class = centerbox><div class = img-container><img src = ""/static/experiments/dot_pattern_expectancy/images/probe3.png""</img></div></div>","89,71","500","AX","test","5","89","true",""
"-1","-1","poldrack-single-stim","448","750312","0.0-409.0","s590","","500","0","cue","","<div class = centerbox><div class = img-container><img src = ""/static/experiments/dot_pattern_expectancy/images/cue4.png""</img></div></div>","none","500","AX","test","6","","",""
"-1","-1","poldrack-single-stim","449","752315","0.0-410.0","s590","","2000","0","fixation","","<div class = centerbox><div class = fixation>+</div></div>","none","2000","","test","","","",""
"571","89","poldrack-single-stim","450","753821","0.0-411.0","s590","","1500","0","probe","","<div class = centerbox><div class = img-container><img src = ""/static/experiments/dot_pattern_expectancy/images/probe3.png""</img></div></div>","89,71","500","AX","test","6","89","true",""
"-1","-1","poldrack-single-stim","451","754323","0.0-412.0","s590","","500","0","cue","","<div class = centerbox><div class = img-container><img src = ""/static/experiments/dot_pattern_expectancy/images/cue4.png""</img></div></div>","none","500","AX","test","7","","",""
"-1","-1","poldrack-single-stim","452","756327","0.0-413.0","s590","","2000","0","fixation","","<div class = centerbox><div class = fixation>+</div></div>","none","2000","","test","","","",""
"381","89","poldrack-single-stim","453","757832","0.0-414.0","s590","","1500","0","probe","","<div class = centerbox><div class = img-container><img src = ""/static/experiments/dot_pattern_expectancy/images/probe3.png""</img></div></div>","89,71","500","AX","test","7","89","true",""
"-1","-1","poldrack-single-stim","454","758333","0.0-415.0","s590","","500","0","cue","","<div class = centerbox><div class = img-container><img src = ""/static/experiments/dot_pattern_expectancy/images/cue4.png""</img></div></div>","none","500","AY","test","8","","",""
"-1","-1","poldrack-single-stim","455","760339","0.0-416.0","s590","","2000","0","fixation","","<div class = centerbox><div class = fixation>+</div></div>","none","2000","","test","","","",""
"589","71","poldrack-single-stim","456","762388","0.0-417.0","s590","","2044","0","probe","","<div class = centerbox><div class = img-container><img src = ""/static/experiments/dot_pattern_expectancy/images/probe5.png""</img></div></div>","89,71","500","AY","test","8","71","true",""
"-1","-1","poldrack-single-stim","457","762892","0.0-418.0","s590","","500","0","cue","","<div class = centerbox><div class = img-container><img src = ""/static/experiments/dot_pattern_expectancy/images/cue4.png""</img></div></div>","none","500","AX","test","9","","",""
"-1","-1","poldrack-single-stim","458","764894","0.0-419.0","s590","","2000","0","fixation","","<div class = centerbox><div class = fixation>+</div></div>","none","2000","","test","","","",""
"515","89","poldrack-single-stim","459","767347","0.0-420.0","s590","","2452","0","probe","","<div class = centerbox><div class = img-container><img src = ""/static/experiments/dot_pattern_expectancy/images/probe3.png""</img></div></div>","89,71","500","AX","test","9","89","true",""
"-1","-1","poldrack-single-stim","460","767848","0.0-421.0","s590","","500","0","cue","","<div class = centerbox><div class = img-container><img src = ""/static/experiments/dot_pattern_expectancy/images/cue4.png""</img></div></div>","none","500","AX","test","10","","",""
"-1","-1","poldrack-single-stim","461","769849","0.0-422.0","s590","","2000","0","fixation","","<div class = centerbox><div class = fixation>+</div></div>","none","2000","","test","","","",""
"393","89","poldrack-single-stim","462","771763","0.0-423.0","s590","","1908","0","probe","","<div class = centerbox><div class = img-container><img src = ""/static/experiments/dot_pattern_expectancy/images/probe3.png""</img></div></div>","89,71","500","AX","test","10","89","true",""
"-1","-1","poldrack-single-stim","463","772268","0.0-424.0","s590","","500","0","cue","","<div class = centerbox><div class = img-container><img src = ""/static/experiments/dot_pattern_expectancy/images/cue4.png""</img></div></div>","none","500","AX","test","11","","",""
"-1","-1","poldrack-single-stim","464","774269","0.0-425.0","s590","","2000","0","fixation","","<div class = centerbox><div class = fixation>+</div></div>","none","2000","","test","","","",""
"373","89","poldrack-single-stim","465","775774","0.0-426.0","s590","","1500","0","probe","","<div class = centerbox><div class = img-container><img src = ""/static/experiments/dot_pattern_expectancy/images/probe3.png""</img></div></div>","89,71","500","AX","test","11","89","true",""
"-1","-1","poldrack-single-stim","466","776275","0.0-427.0","s590","","500","0","cue","","<div class = centerbox><div class = img-container><img src = ""/static/experiments/dot_pattern_expectancy/images/cue4.png""</img></div></div>","none","500","AX","test","12","","",""
"-1","-1","poldrack-single-stim","467","778276","0.0-428.0","s590","","2000","0","fixation","","<div class = centerbox><div class = fixation>+</div></div>","none","2000","","test","","","",""
"347","89","poldrack-single-stim","468","780190","0.0-429.0","s590","","1908","0","probe","","<div class = centerbox><div class = img-container><img src = ""/static/experiments/dot_pattern_expectancy/images/probe3.png""</img></div></div>","89,71","500","AX","test","12","89","true",""
"-1","-1","poldrack-single-stim","469","780691","0.0-430.0","s590","","500","0","cue","","<div class = centerbox><div class = img-container><img src = ""/static/experiments/dot_pattern_expectancy/images/cue1.png""</img></div></div>","none","500","BX","test","13","","",""
"-1","-1","poldrack-single-stim","470","782696","0.0-431.0","s590","","2000","0","fixation","","<div class = centerbox><div class = fixation>+</div></div>","none","2000","","test","","","",""
"277","71","poldrack-single-stim","471","784877","0.0-432.0","s590","","2180","0","probe","","<div class = centerbox><div class = img-container><img src = ""/static/experiments/dot_pattern_expectancy/images/probe3.png""</img></div></div>","89,71","500","BX","test","13","71","true",""
"-1","-1","poldrack-single-stim","472","785379","0.0-433.0","s590","","500","0","cue","","<div class = centerbox><div class = img-container><img src = ""/static/experiments/dot_pattern_expectancy/images/cue4.png""</img></div></div>","none","500","AX","test","14","","",""
"-1","-1","poldrack-single-stim","473","787384","0.0-434.0","s590","","2000","0","fixation","","<div class = centerbox><div class = fixation>+</div></div>","none","2000","","test","","","",""
"295","89","poldrack-single-stim","474","788889","0.0-435.0","s590","","1500","0","probe","","<div class = centerbox><div class = img-container><img src = ""/static/experiments/dot_pattern_expectancy/images/probe3.png""</img></div></div>","89,71","500","AX","test","14","89","true",""
"-1","-1","poldrack-single-stim","475","789390","0.0-436.0","s590","","500","0","cue","","<div class = centerbox><div class = img-container><img src = ""/static/experiments/dot_pattern_expectancy/images/cue6.png""</img></div></div>","none","500","BY","test","15","","",""
"-1","-1","poldrack-single-stim","476","791395","0.0-437.0","s590","","2000","0","fixation","","<div class = centerbox><div class = fixation>+</div></div>","none","2000","","test","","","",""
"258","71","poldrack-single-stim","477","793305","0.0-438.0","s590","","1908","0","probe","","<div class = centerbox><div class = img-container><img src = ""/static/experiments/dot_pattern_expectancy/images/probe5.png""</img></div></div>","89,71","500","BY","test","15","71","true",""
"-1","-1","poldrack-single-stim","478","793806","0.0-439.0","s590","","500","0","cue","","<div class = centerbox><div class = img-container><img src = ""/static/experiments/dot_pattern_expectancy/images/cue2.png""</img></div></div>","none","500","BX","test","16","","",""
"-1","-1","poldrack-single-stim","479","795811","0.0-440.0","s590","","2000","0","fixation","","<div class = centerbox><div class = fixation>+</div></div>","none","2000","","test","","","",""
"406","71","poldrack-single-stim","480","798132","0.0-441.0","s590","","2316","0","probe","","<div class = centerbox><div class = img-container><img src = ""/static/experiments/dot_pattern_expectancy/images/probe3.png""</img></div></div>","89,71","500","BX","test","16","71","true",""
"-1","-1","poldrack-single-stim","481","798633","0.0-442.0","s590","","500","0","cue","","<div class = centerbox><div class = img-container><img src = ""/static/experiments/dot_pattern_expectancy/images/cue4.png""</img></div></div>","none","500","AY","test","17","","",""
"-1","-1","poldrack-single-stim","482","800639","0.0-443.0","s590","","2000","0","fixation","","<div class = centerbox><div class = fixation>+</div></div>","none","2000","","test","","","",""
"637","71","poldrack-single-stim","483","802960","0.0-444.0","s590","","2316","0","probe","","<div class = centerbox><div class = img-container><img src = ""/static/experiments/dot_pattern_expectancy/images/probe5.png""</img></div></div>","89,71","500","AY","test","17","71","true",""
"-1","-1","poldrack-single-stim","484","803465","0.0-445.0","s590","","500","0","cue","","<div class = centerbox><div class = img-container><img src = ""/static/experiments/dot_pattern_expectancy/images/cue3.png""</img></div></div>","none","500","BX","test","18","","",""
"-1","-1","poldrack-single-stim","485","805469","0.0-446.0","s590","","2000","0","fixation","","<div class = centerbox><div class = fixation>+</div></div>","none","2000","","test","","","",""
"303","71","poldrack-single-stim","486","807108","0.0-447.0","s590","","1636","0","probe","","<div class = centerbox><div class = img-container><img src = ""/static/experiments/dot_pattern_expectancy/images/probe3.png""</img></div></div>","89,71","500","BX","test","18","71","true",""
"-1","-1","poldrack-single-stim","487","807609","0.0-448.0","s590","","500","0","cue","","<div class = centerbox><div class = img-container><img src = ""/static/experiments/dot_pattern_expectancy/images/cue4.png""</img></div></div>","none","500","AY","test","19","","",""
"-1","-1","poldrack-single-stim","488","809615","0.0-449.0","s590","","2000","0","fixation","","<div class = centerbox><div class = fixation>+</div></div>","none","2000","","test","","","",""
"405","71","poldrack-single-stim","489","811119","0.0-450.0","s590","","1500","0","probe","","<div class = centerbox><div class = img-container><img src = ""/static/experiments/dot_pattern_expectancy/images/probe4.png""</img></div></div>","89,71","500","AY","test","19","71","true",""
"-1","-1","poldrack-single-stim","490","811620","0.0-451.0","s590","","500","0","cue","","<div class = centerbox><div class = img-container><img src = ""/static/experiments/dot_pattern_expectancy/images/cue6.png""</img></div></div>","none","500","BY","test","20","","",""
"-1","-1","poldrack-single-stim","491","813621","0.0-452.0","s590","","2000","0","fixation","","<div class = centerbox><div class = fixation>+</div></div>","none","2000","","test","","","",""
"393","71","poldrack-single-stim","492","815535","0.0-453.0","s590","","1908","0","probe","","<div class = centerbox><div class = img-container><img src = ""/static/experiments/dot_pattern_expectancy/images/probe4.png""</img></div></div>","89,71","500","BY","test","20","71","true",""
"-1","-1","poldrack-single-stim","493","816037","0.0-454.0","s590","","500","0","cue","","<div class = centerbox><div class = img-container><img src = ""/static/experiments/dot_pattern_expectancy/images/cue4.png""</img></div></div>","none","500","AX","test","21","","",""
"-1","-1","poldrack-single-stim","494","818042","0.0-455.0","s590","","2000","0","fixation","","<div class = centerbox><div class = fixation>+</div></div>","none","2000","","test","","","",""
"385","89","poldrack-single-stim","495","819547","0.0-456.0","s590","","1500","0","probe","","<div class = centerbox><div class = img-container><img src = ""/static/experiments/dot_pattern_expectancy/images/probe3.png""</img></div></div>","89,71","500","AX","test","21","89","true",""
"-1","-1","poldrack-single-stim","496","820048","0.0-457.0","s590","","500","0","cue","","<div class = centerbox><div class = img-container><img src = ""/static/experiments/dot_pattern_expectancy/images/cue4.png""</img></div></div>","none","500","AY","test","22","","",""
"-1","-1","poldrack-single-stim","497","822053","0.0-458.0","s590","","2000","0","fixation","","<div class = centerbox><div class = fixation>+</div></div>","none","2000","","test","","","",""
"428","71","poldrack-single-stim","498","824372","0.0-459.0","s590","","2316","0","probe","","<div class = centerbox><div class = img-container><img src = ""/static/experiments/dot_pattern_expectancy/images/probe5.png""</img></div></div>","89,71","500","AY","test","22","71","true",""
"-1","-1","poldrack-single-stim","499","824874","0.0-460.0","s590","","500","0","cue","","<div class = centerbox><div class = img-container><img src = ""/static/experiments/dot_pattern_expectancy/images/cue4.png""</img></div></div>","none","500","AX","test","23","","",""
"-1","-1","poldrack-single-stim","500","826879","0.0-461.0","s590","","2000","0","fixation","","<div class = centerbox><div class = fixation>+</div></div>","none","2000","","test","","","",""
"366","89","poldrack-single-stim","501","828383","0.0-462.0","s590","","1500","0","probe","","<div class = centerbox><div class = img-container><img src = ""/static/experiments/dot_pattern_expectancy/images/probe3.png""</img></div></div>","89,71","500","AX","test","23","89","true",""
"-1","-1","poldrack-single-stim","502","828885","0.0-463.0","s590","","500","0","cue","","<div class = centerbox><div class = img-container><img src = ""/static/experiments/dot_pattern_expectancy/images/cue4.png""</img></div></div>","none","500","AY","test","24","","",""
"-1","-1","poldrack-single-stim","503","830891","0.0-464.0","s590","","2000","0","fixation","","<div class = centerbox><div class = fixation>+</div></div>","none","2000","","test","","","",""
"555","71","poldrack-single-stim","504","833621","0.0-465.0","s590","","2724","0","probe","","<div class = centerbox><div class = img-container><img src = ""/static/experiments/dot_pattern_expectancy/images/probe6.png""</img></div></div>","89,71","500","AY","test","24","71","true",""
"-1","-1","poldrack-single-stim","505","834122","0.0-466.0","s590","","500","0","cue","","<div class = centerbox><div class = img-container><img src = ""/static/experiments/dot_pattern_expectancy/images/cue4.png""</img></div></div>","none","500","AX","test","25","","",""
"-1","-1","poldrack-single-stim","506","836128","0.0-467.0","s590","","2000","0","fixation","","<div class = centerbox><div class = fixation>+</div></div>","none","2000","","test","","","",""
"485","89","poldrack-single-stim","507","837633","0.0-468.0","s590","","1500","0","probe","","<div class = centerbox><div class = img-container><img src = ""/static/experiments/dot_pattern_expectancy/images/probe3.png""</img></div></div>","89,71","500","AX","test","25","89","true",""
"-1","-1","poldrack-single-stim","508","838134","0.0-469.0","s590","","500","0","cue","","<div class = centerbox><div class = img-container><img src = ""/static/experiments/dot_pattern_expectancy/images/cue4.png""</img></div></div>","none","500","AX","test","26","","",""
"-1","-1","poldrack-single-stim","509","840135","0.0-470.0","s590","","2000","0","fixation","","<div class = centerbox><div class = fixation>+</div></div>","none","2000","","test","","","",""
"530","71","poldrack-single-stim","510","841772","0.0-471.0","s590","","1636","0","probe","","<div class = centerbox><div class = img-container><img src = ""/static/experiments/dot_pattern_expectancy/images/probe3.png""</img></div></div>","89,71","500","AX","test","26","89","false",""
"-1","-1","poldrack-single-stim","511","842277","0.0-472.0","s590","","500","0","cue","","<div class = centerbox><div class = img-container><img src = ""/static/experiments/dot_pattern_expectancy/images/cue4.png""</img></div></div>","none","500","AX","test","27","","",""
"-1","-1","poldrack-single-stim","512","844282","0.0-473.0","s590","","2000","0","fixation","","<div class = centerbox><div class = fixation>+</div></div>","none","2000","","test","","","",""
"397","71","poldrack-single-stim","513","845921","0.0-474.0","s590","","1636","0","probe","","<div class = centerbox><div class = img-container><img src = ""/static/experiments/dot_pattern_expectancy/images/probe3.png""</img></div></div>","89,71","500","AX","test","27","89","false",""
"-1","-1","poldrack-single-stim","514","846427","0.0-475.0","s590","","500","0","cue","","<div class = centerbox><div class = img-container><img src = ""/static/experiments/dot_pattern_expectancy/images/cue4.png""</img></div></div>","none","500","AX","test","28","","",""
"-1","-1","poldrack-single-stim","515","848432","0.0-476.0","s590","","2000","0","fixation","","<div class = centerbox><div class = fixation>+</div></div>","none","2000","","test","","","",""
"384","89","poldrack-single-stim","516","850208","0.0-477.0","s590","","1772","0","probe","","<div class = centerbox><div class = img-container><img src = ""/static/experiments/dot_pattern_expectancy/images/probe3.png""</img></div></div>","89,71","500","AX","test","28","89","true",""
"-1","-1","poldrack-single-stim","517","850709","0.0-478.0","s590","","500","0","cue","","<div class = centerbox><div class = img-container><img src = ""/static/experiments/dot_pattern_expectancy/images/cue5.png""</img></div></div>","none","500","BY","test","29","","",""
"-1","-1","poldrack-single-stim","518","852715","0.0-479.0","s590","","2000","0","fixation","","<div class = centerbox><div class = fixation>+</div></div>","none","2000","","test","","","",""
"269","71","poldrack-single-stim","519","854491","0.0-480.0","s590","","1772","0","probe","","<div class = centerbox><div class = img-container><img src = ""/static/experiments/dot_pattern_expectancy/images/probe4.png""</img></div></div>","89,71","500","BY","test","29","71","true",""
"-1","-1","poldrack-single-stim","520","854992","0.0-481.0","s590","","500","0","cue","","<div class = centerbox><div class = img-container><img src = ""/static/experiments/dot_pattern_expectancy/images/cue4.png""</img></div></div>","none","500","AX","test","30","","",""
"-1","-1","poldrack-single-stim","521","856997","0.0-482.0","s590","","2000","0","fixation","","<div class = centerbox><div class = fixation>+</div></div>","none","2000","","test","","","",""
"358","89","poldrack-single-stim","522","858499","0.0-483.0","s590","","1500","0","probe","","<div class = centerbox><div class = img-container><img src = ""/static/experiments/dot_pattern_expectancy/images/probe3.png""</img></div></div>","89,71","500","AX","test","30","89","true",""
"-1","-1","poldrack-single-stim","523","859003","0.0-484.0","s590","","500","0","cue","","<div class = centerbox><div class = img-container><img src = ""/static/experiments/dot_pattern_expectancy/images/cue3.png""</img></div></div>","none","500","BY","test","31","","",""
"-1","-1","poldrack-single-stim","524","861009","0.0-485.0","s590","","2000","0","fixation","","<div class = centerbox><div class = fixation>+</div></div>","none","2000","","test","","","",""
"272","71","poldrack-single-stim","525","863467","0.0-486.0","s590","","2452","0","probe","","<div class = centerbox><div class = img-container><img src = ""/static/experiments/dot_pattern_expectancy/images/probe1.png""</img></div></div>","89,71","500","BY","test","31","71","true",""
"-1","-1","poldrack-single-stim","526","863971","0.0-487.0","s590","","500","0","cue","","<div class = centerbox><div class = img-container><img src = ""/static/experiments/dot_pattern_expectancy/images/cue4.png""</img></div></div>","none","500","AX","test","32","","",""
"-1","-1","poldrack-single-stim","527","865972","0.0-488.0","s590","","2000","0","fixation","","<div class = centerbox><div class = fixation>+</div></div>","none","2000","","test","","","",""
"320","89","poldrack-single-stim","528","867610","0.0-489.0","s590","","1636","0","probe","","<div class = centerbox><div class = img-container><img src = ""/static/experiments/dot_pattern_expectancy/images/probe3.png""</img></div></div>","89,71","500","AX","test","32","89","true",""
"-1","-1","poldrack-single-stim","529","868113","0.0-490.0","s590","","500","0","cue","","<div class = centerbox><div class = img-container><img src = ""/static/experiments/dot_pattern_expectancy/images/cue4.png""</img></div></div>","none","500","AX","test","33","","",""
"-1","-1","poldrack-single-stim","530","870117","0.0-491.0","s590","","2000","0","fixation","","<div class = centerbox><div class = fixation>+</div></div>","none","2000","","test","","","",""
"322","89","poldrack-single-stim","531","871755","0.0-492.0","s590","","1636","0","probe","","<div class = centerbox><div class = img-container><img src = ""/static/experiments/dot_pattern_expectancy/images/probe3.png""</img></div></div>","89,71","500","AX","test","33","89","true",""
"-1","-1","poldrack-single-stim","532","872257","0.0-493.0","s590","","500","0","cue","","<div class = centerbox><div class = img-container><img src = ""/static/experiments/dot_pattern_expectancy/images/cue3.png""</img></div></div>","none","500","BX","test","34","","",""
"-1","-1","poldrack-single-stim","533","874262","0.0-494.0","s590","","2000","0","fixation","","<div class = centerbox><div class = fixation>+</div></div>","none","2000","","test","","","",""
"243","71","poldrack-single-stim","534","875767","0.0-495.0","s590","","1500","0","probe","","<div class = centerbox><div class = img-container><img src = ""/static/experiments/dot_pattern_expectancy/images/probe3.png""</img></div></div>","89,71","500","BX","test","34","71","true",""
"-1","-1","poldrack-single-stim","535","876268","0.0-496.0","s590","","500","0","cue","","<div class = centerbox><div class = img-container><img src = ""/static/experiments/dot_pattern_expectancy/images/cue6.png""</img></div></div>","none","500","BX","test","35","","",""
"-1","-1","poldrack-single-stim","536","878273","0.0-497.0","s590","","2000","0","fixation","","<div class = centerbox><div class = fixation>+</div></div>","none","2000","","test","","","",""
"266","71","poldrack-single-stim","537","879778","0.0-498.0","s590","","1500","0","probe","","<div class = centerbox><div class = img-container><img src = ""/static/experiments/dot_pattern_expectancy/images/probe3.png""</img></div></div>","89,71","500","BX","test","35","71","true",""
"-1","-1","poldrack-single-stim","538","880279","0.0-499.0","s590","","500","0","cue","","<div class = centerbox><div class = img-container><img src = ""/static/experiments/dot_pattern_expectancy/images/cue4.png""</img></div></div>","none","500","AX","test","36","","",""
"-1","-1","poldrack-single-stim","539","882283","0.0-500.0","s590","","2000","0","fixation","","<div class = centerbox><div class = fixation>+</div></div>","none","2000","","test","","","",""
"315","89","poldrack-single-stim","540","884603","0.0-501.0","s590","","2316","0","probe","","<div class = centerbox><div class = img-container><img src = ""/static/experiments/dot_pattern_expectancy/images/probe3.png""</img></div></div>","89,71","500","AX","test","36","89","true",""
"-1","-1","poldrack-single-stim","541","885105","0.0-502.0","s590","","500","0","cue","","<div class = centerbox><div class = img-container><img src = ""/static/experiments/dot_pattern_expectancy/images/cue4.png""</img></div></div>","none","500","AY","test","37","","",""
"-1","-1","poldrack-single-stim","542","887110","0.0-503.0","s590","","2000","0","fixation","","<div class = centerbox><div class = fixation>+</div></div>","none","2000","","test","","","",""
"413","71","poldrack-single-stim","543","889158","0.0-504.0","s590","","2044","0","probe","","<div class = centerbox><div class = img-container><img src = ""/static/experiments/dot_pattern_expectancy/images/probe4.png""</img></div></div>","89,71","500","AY","test","37","71","true",""
"-1","-1","poldrack-single-stim","544","889660","0.0-505.0","s590","","500","0","cue","","<div class = centerbox><div class = img-container><img src = ""/static/experiments/dot_pattern_expectancy/images/cue4.png""</img></div></div>","none","500","AX","test","38","","",""
"-1","-1","poldrack-single-stim","545","891665","0.0-506.0","s590","","2000","0","fixation","","<div class = centerbox><div class = fixation>+</div></div>","none","2000","","test","","","",""
"372","89","poldrack-single-stim","546","895617","0.0-507.0","s590","","3948","0","probe","","<div class = centerbox><div class = img-container><img src = ""/static/experiments/dot_pattern_expectancy/images/probe3.png""</img></div></div>","89,71","500","AX","test","38","89","true",""
"-1","-1","poldrack-single-stim","547","896119","0.0-508.0","s590","","500","0","cue","","<div class = centerbox><div class = img-container><img src = ""/static/experiments/dot_pattern_expectancy/images/cue4.png""</img></div></div>","none","500","AX","test","39","","",""
"-1","-1","poldrack-single-stim","548","898124","0.0-509.0","s590","","2000","0","fixation","","<div class = centerbox><div class = fixation>+</div></div>","none","2000","","test","","","",""
"427","89","poldrack-single-stim","549","899761","0.0-510.0","s590","","1636","0","probe","","<div class = centerbox><div class = img-container><img src = ""/static/experiments/dot_pattern_expectancy/images/probe3.png""</img></div></div>","89,71","500","AX","test","39","89","true",""
"21817","32","poldrack-single-stim","550","921580","0.0-511.0","s590","","21817","0","end","","<div class = centerbox><div class = center-text><i>Fin</i></div></div>","32","21817","","","","","","dot_pattern_expectancy"
"572","13","text","551","922153","0.0-512.0","s590","","","","","","","","","","","","","",""
